
=================================================
Points:
          4.533	            7.3
          3.317	            8.3
          3.833	            6.4
          4.633	            8.2
            4.8	            7.5
          4.716	              9
          4.833	              8
          4.883	            8.3
          3.717	            7.1
          4.567	            7.7
          4.317	            8.1
            4.5	            8.4
            4.8	            8.2
            4.4	            9.2
          4.167	            7.8
            4.7	            7.8
            4.7	            7.3
          4.033	            8.2
            4.5	            7.9
              4	            7.1
          5.067	            7.6
          4.567	            7.8
          3.883	            7.6
            3.6	            8.3
          4.133	            7.5
          4.333	            8.2
            4.1	              7
          4.067	            7.3
          4.933	            8.8
           3.95	            7.6
          4.517	              8
              4	            8.6
          4.333	              9
          4.817	            7.8
            4.3	            7.2
          4.667	            8.4
           3.75	            7.5
            4.9	            8.2

=================================================
>>>Rublev<<<<
Parameters of the ellipsoid:
Centre of the ellipsoid:
(4.14664, 7.79424)
Eigenvectors and Semi-axes:
Eigenvector#1: (0.206578, -0.97843) And the semi-axe which corresponds to this eigenvector: 1.42924
Eigenvector#2: (0.97843, 0.206578) And the semi-axe which corresponds to this eigenvector: 0.940632
Volume:	4.22353
0.666666666667
=================================================
Points:
          4.533	            7.3
          3.317	            8.3
          3.833	            6.4
          4.633	            8.2
            4.8	            7.5
          4.716	              9
          4.833	              8
          4.883	            8.3
          3.717	            7.1
          4.567	            7.7
          4.317	            8.1
            4.5	            8.4
            4.8	            8.2
            4.4	            9.2
          4.167	            7.8
            4.7	            7.8
            4.7	            7.3
          4.033	            8.2
            4.5	            7.9
              4	            7.1
          5.067	            7.6
          4.567	            7.8
          3.883	            7.6
            3.6	            8.3
          4.133	            7.5
          4.333	            8.2
            4.1	              7
          4.067	            7.3
          4.933	            8.8
           3.95	            7.6
          4.517	              8
              4	            8.6
          4.333	              9
          4.817	            7.8
            4.3	            7.2
          4.667	            8.4
           3.75	            7.5
            4.9	            8.2

=================================================
>>>Rublev<<<<
Parameters of the ellipsoid:
Centre of the ellipsoid:
(4.14664, 7.79424)
Eigenvectors and Semi-axes:
Eigenvector#1: (0.206578, -0.97843) And the semi-axe which corresponds to this eigenvector: 1.42924
Eigenvector#2: (0.97843, 0.206578) And the semi-axe which corresponds to this eigenvector: 0.940632
Volume:	4.22353
