1.75 5.8
4.533 7.3
3.317 8.3
3.833 6.4
2.1 5.3
4.633 8.2
2 5.9
4.8 7.5
4.716 9.0
1.833 5.4
4.833 8.0
1.733 5.4
4.883 8.3
3.717 7.1
1.667 6.4
4.567 7.7
4.317 8.1
2.233 5.9
4.5 8.4
1.75 4.8
4.8 8.2
1.817 6.0
4.4 9.2
4.167 7.8
4.7 7.8
2.067 6.5
4.7 7.3
4.033 8.2
1.967 5.6
4.5 7.9
4 7.1
1.983 6.2
5.067 7.6
2.017 6.0
4.567 7.8
3.883 7.6
3.6 8.3
4.133 7.5
4.333 8.2
4.1 7.0
2.633 6.5
4.067 7.3
4.933 8.8
3.95 7.6
4.517 8.0
2.167 4.8
4 8.6
2.2 6.0
4.333 9.0
1.867 5.0
4.817 7.8
1.833 6.3
4.3 7.2
4.667 8.4
3.75 7.5
1.867 5.1
4.9 8.2