 1.509126158099555 2.163131305040302
 2.095777641682581 2.258458496641822
 2.285494430484157 2.375110870448784
 2.53168344520674 1.903365944737489
 1.702259447588582 1.670522039241927
 2.045352690249966 1.679073398973731
 1.979714104886634 2.081263360855392
 1.636270120853043 2.253721394936965
 1.902160073699863 2.333966506740188
 1.704713675710166 1.975117783103375
 2.203964659048832 1.961416121921525
 1.51721221214859 1.80125874038184
 1.165456332886944 2.389611884752258
 1.643069949623397 2.204614953426785
 2.079924845676869 2.039251297617584
 1.438342840335085 2.091646172882116
 2.358123363476304 1.609713181468866
 2.012182994120296 1.92541096155353
 2.054887750192436 1.858339540975805
 1.560972648120635 1.416860459151045
 2.32550944754684 2.190435958467396
 1.761175563074786 1.554482382736125
 1.325596228464016 2.082302218967926
 2.089810451337527 2.111573521592497
 2.387877739899611 2.030605760477791
 2.355975062897804 1.773975828752508
 2.522760238323097 2.201229586806767
 1.947399040244238 1.610290775306536
 1.510154841787743 2.256111794408486
 2.269020598511571 1.792428418157544
 2.783837862935147 2.063030753441837
 2.089216346463566 2.154211063318794
 1.367939214781102 2.110290351074588
 2.342757850790094 1.741022206786751
 1.777581882832866 1.810615771415473
 2.058015954333019 2.437125468938974
 2.078925823698698 1.525104672076421
 2.256258035752763 1.793402634098229
 2.195029460658956 1.507295931937232
 2.050932335128274 2.151886941579536
 1.661776175539722 1.941490043495887
 1.586646409390901 1.81292379375946
 2.041050925008312 1.65409438838351
 2.112623772452879 2.07617734188906
 1.8959752338942 2.157170638920152
 1.837398009705635 1.412862190464602
 2.159074601465385 2.090571961317626
 1.801077554468469 1.946267142809407
 2.121951207989834 2.124439352470185
 2.069243091838919 2.094639085143931
 2.120018600081767 2.460425735335021
 2.223252878614249 2.191899554824098
 2.025146396467078 2.139698136128922
 1.726503743922037 1.746843446075876
 2.321599583368054 1.905772912601206
 1.924538431173493 2.367373161938038
 2.003675864094842 1.884763870910479
 2.428419118353232 2.49110429019144
 1.923000857250232 1.583719300805039
 1.91915860786752 1.936079261900277
 2.31416037676553 1.879467363263548
 1.649984570675501 2.227082011580179
 2.13173919685496 2.316987401301868
 1.751942088100527 1.908830684489842
 2.299116494272957 2.709068104628047
 1.788018704774255 2.111513605547737
 2.200308495381686 1.904582406899484
 1.951872006955018 1.423464852962058
 2.222328342188636 2.546170501317464
 2.018334736842874 2.150078099969285
 2.041994015457473 2.036213346906101
 2.04557555687358 1.739944574817375
 1.622694867713809 2.106233465701195
 2.487699075809448 2.217774180761962
 2.425971399403095 2.412528174956386
 2.590258433861059 2.106305240672525
 1.82613123008233 1.709873104243438
 1.881531235071707 2.040653036960013
 1.766745110938369 1.981754828831817
 1.791059101676275 1.628775231773317
 2.045033303915617 2.211592480492667
 1.733130042526855 2.044534333653648
 2.373772309685303 1.89414885671763
 2.245811670721158 1.718716356799493
 2.359634047725732 2.069317643750261
 1.907552377346286 2.529251663879688
 1.973266559828948 1.672815161795675
 2.013168227929506 2.009885280787436
 2.20166130362206 2.041183209857986
 2.162982045533702 2.489474408615268
 1.810232021427566 1.87562332374089
 2.096790130528416 1.940604255475399
 1.779874368401087 1.833134293274445
 2.111709112351264 2.022226280420854
 1.817596045962131 2.37161359900778
 1.964397392795272 2.023479929412466
 1.860458000633334 1.994708765265406
 1.798040813299279 1.706916945522026
 2.167893974534061 1.797188795182116
 1.507117438295293 2.357136447000481
 1.855765626655389 1.796021952907826
 1.779843106722582 2.078798122840149
 2.016121968742068 1.864201263816936
 1.86073259243835 2.163299174336979
 2.126977410885389 1.713924029673265
 1.720415909109483 1.895395275535134
 2.439709445210664 2.11096142520984
 2.218357013854201 2.196857162895026
 1.551475764085084 1.755220736456973
 1.78988676881392 1.83920443267773
 2.528563250968294 1.432289241713606
 2.031726686265317 2.126578528805455
 2.109271376402002 2.195328285096795
 2.182945808515616 1.852854456301402
 2.218524428631595 1.819389775020611
 1.596178276905195 1.606662609982063
 2.250211174044427 2.10941568111518
 1.880562416288656 1.992294309336438
 1.991672592698842 2.22162493318296
 2.043477530224683 1.876126504958762
 2.868609620684031 1.919010492283056
 1.789279404485215 1.833956683673262
 1.607507989611214 2.529327035263391
 1.901848796273698 2.293893018117801
 1.889707342685277 1.669221918971913
 1.749942211222629 2.366917639761946
 1.860342096600598 2.333676882623765
 1.355482516664499 2.030409517107561
 1.68774732444354 1.842630227140856
 2.125457233296065 2.10698460273097
 2.133674730994315 2.146404985516523
 1.913617532039598 2.484600691760378
 1.962676315344253 2.229339660702908
 2.446687169097046 2.558285547665814
 1.78568961266223 1.986038074032616
 2.384879577236937 2.288046063273029
 1.869819575106264 1.845754496984538
 2.192892581243328 1.774136721202731
 1.56118842687745 2.525326270409959
 2.065315728407743 1.749147502043425
 2.211251532234201 1.782033088249727
 1.793450952978193 1.960407198854604
 2.318043793718908 1.945527988300669
 1.817972333707082 1.940029806859428
 2.174737970156191 2.676787249318963
 1.881635186708232 1.819585237555049
 1.852379767518822 1.9185342145786
 1.987318049650536 2.111941678405852
 1.610411053134362 2.134093856395161
 2.031649853329627 2.201158089467972
 2.471836165950043 1.921490847522458
 1.942750519507504 1.956709531936606
 1.733425156767247 1.764411353415512
 2.175124314033627 2.224237979771031
 2.245148954412913 1.731303224291179
 2.315093234615246 1.526335315130044
 2.443294131087641 1.717943155586367
 2.33949993757878 1.865707071672968
 2.495309425608407 2.075919448897574
 2.182010635627732 2.130910583715057
 2.48593463520082 1.606827048770321
 1.833486555868176 2.267620821490961
 1.821541512865561 2.1853560417652
 2.100035638999992 1.555780606352358
 2.066774268478353 2.305973469534692
 1.963540342655647 2.419022993921425
 2.271619986468132 1.710816918077664
 1.811671373969962 2.407316332971407
 1.938721424192279 1.866336752023965
 1.921926266250354 2.125867447876235
 2.402482752506464 1.943041671044341
 2.302335740044205 1.509615774162861
 2.181862066815297 1.992439963350198
 1.734187843126221 1.793504565653432
 2.220466996230882 1.780202919657376
 2.216444291408505 2.153254976514112
 1.741652599075639 1.912568636555423
 2.314415731723821 2.118628889048314
 2.235032664858582 1.939254333525256
 2.060359292072311 2.018822258907787
 1.758194305484037 1.697001668304107
 2.260262620725058 1.868817611161469
 2.245963273886706 1.900650089784701
 2.124646931142044 1.832391994323033
 1.988263517673556 1.756245794625606
 2.516383367290183 2.369390712856263
 1.756490019664013 2.342315737924262
 2.064825723548021 2.19125195035315
 1.814898387115775 1.913153027353752
 2.262232313236758 2.047703211944326
 2.610683231710197 1.893783140509358
 1.510524389200215 1.881571479080397
 2.310455371505643 2.104837801224319
 2.458115233358157 2.27935352095736
 1.584279415201429 2.222630561417723
 2.192488906655432 2.127792238945638
 2.047206356955277 2.274109488546062
 2.055985875318666 2.400013636537247
 1.619798647834477 1.907263764451072
 1.66997829229096 2.357771633062873
 1.903296603327419 2.121037337594775
 2.156411242194409 2.165109671962019
 1.992741310433246 2.065008601277369
 1.595192352396394 1.942513891560316
 1.964396470317018 1.509107575983786
 1.719709230967188 1.653461030595102
 1.670864190777504 1.962866727613469
 1.948218658197351 2.916912394290106
 1.97752001599823 1.973909497936926
 1.34141740069111 2.039195202360655
 2.446526269704409 1.806593709934981
 1.64183772112241 1.716723310458744
 2.335351188255914 1.727130150664305
 1.648467886619649 2.384736751619033
 1.79033673090471 1.846921472158313
 2.612118201029557 2.698962869498564
 1.83873349579137 2.138619683812239
 1.738475460595361 1.750750074335796
 2.983950824353312 1.787782015855629
 1.870051076251267 1.906645219922604
 1.591189139257508 2.264744788442401
 2.344947300806009 2.061096469613016
 2.71580186679788 1.909689721633901
 1.979689061153854 2.356588500888938
 2.349612055122933 2.124306218751068
 1.644159477536656 2.162221915233113
 1.863748235167873 1.975802211928495
 1.942996921096737 1.70821810010637
 2.144750034637512 2.313833042482903
 1.953186601447115 1.992102195571443
 2.074686782158273 2.13160509181657
 1.860705001177538 2.181857223172635
 2.277887693811932 1.345993917118842
 1.908956947685676 1.802032845365648
 2.142154958258539 1.970112495340187
 2.114567070801627 1.981853783207577
 1.927018581148882 2.046608922405527
 1.953752178134028 2.474144703090363
 2.680604501910183 2.349631914806848
 2.106564661063693 1.912665868062525
 1.621336076067444 2.034764929230909
 1.738469462327161 1.861389045114369
 1.768311591328833 1.824504617274143
 1.960315235887974 2.117159647960947
 2.031017095099194 1.439393180416847
 1.911210328137549 1.466690434680249
 1.539790224434481 1.851887736769442
 1.993488423276054 1.220113458034563
 2.262759592325401 2.238655367669116
 2.221181748052971 2.057228201355008
 1.631525544050657 1.699375766399477
 1.791673026056586 2.280763840272649
 1.893364689026162 2.462784935939089
 2.134218202798355 2.487840039233866
 1.690458023927208 1.919805028256238
 2.31128947043275 2.073749256490239
 1.843577342994353 2.002634522656469
 1.8533645814673 1.861606074869884
 2.044972200075851 1.78991131555841
 2.035432801686765 1.706273532823277
 2.133150766168979 1.946269511778253
 1.725169333740306 2.159925421633228
 2.052849121424997 2.392298067306985
 2.068097332305216 1.597764685477615
 1.91221452198756 2.209647088566617
 2.295950935771608 1.797360850167478
 1.762470730612818 2.179579198995485
 2.262875066226744 1.932467313770775
 1.435991096001131 1.640570164355927
 1.919165221133077 2.265707379815162
 2.089178143317983 2.427009214537079
 1.724243445169131 1.869432768477958
 1.827920953101416 2.074588439243967
 1.823944648846841 1.858366789607187
 2.178384441073216 2.130475085838724
 1.68096129697336 1.76985245693185
 1.938338853479324 1.802954782356957
 2.191518919142913 2.475052583397264
 2.254402834832731 1.670198944665623
 1.805801712793537 1.712458543210522
 1.879928147604112 2.042123022962512
 2.363653848456317 2.005111293757818
 1.531783347136 1.289426851200419
 2.254154558743104 2.218192334333376
 1.744910636450908 2.079636901180259
 1.872958556213753 1.68419197021192
 2.142487871314095 2.17909695877564
 1.604273550140618 1.753096250798944
 1.564683562534534 2.062495447531786
 2.034429556054616 2.208261366562948
 2.385246651796537 2.08584042775696
 2.713553309743121 2.247588404394664
 1.858847663353138 1.773832276376003
 2.11726026603229 2.014814486463398
 1.815217145858327 2.01910260659757
 2.227600993203361 1.818168761730767
 1.986856494240084 2.031798670337452
 2.240705022881902 2.180408507493195
 1.936004500513422 1.560912493023697
 1.706154034259787 1.935896402133663
 1.977293957852175 2.134241509579316
 1.906168810231202 1.92864284970442
 1.832147616408461 2.363049198927643
 2.137340473475504 1.816390101718967
 1.968608396095561 1.374706719710675
 1.923497080013135 2.328878055733102
 1.697117964384575 1.907641724626518
 1.951821820738273 2.200092395751839
 2.044593968164624 1.679888375036161
 1.676450414879755 1.746477573162521
 2.388342999000138 1.897770624365539
 1.770710770555361 1.936795258265148
 1.647584005842574 2.06095095082081
 2.074325116268295 2.275402507338355
 1.966842348621584 2.371905733295223
 2.138002634188951 2.076064680558197
 2.350626873795797 2.142054170045399
 2.128825385586357 1.893067857160493
 1.969692319051693 2.481027078970132
 1.982156907515483 1.387398590089634
 1.955197525255385 2.700229957938415
 1.559991107524284 2.152772352089004
 1.864697268327916 2.155046936237472
 2.374630646002178 1.948265429099682
 1.773038655942058 1.797270063321931
 1.518004568341785 2.190817337155592
 1.873919091793083 2.295118252546327
 2.282761781313607 1.182834012270436
 2.303923776219831 2.330357649426959
 2.431430798290996 1.39499202314047
 1.898599056801416 1.90134654966973
 1.931828133011214 1.878857749469893
 1.863046855364352 1.432271303566515
 1.816020059506442 1.917192253406656
 1.679562650994757 2.355197496851221
 2.031682520639953 2.20569537485496
 2.229059597297834 1.745544117807331
 1.72544868108004 1.971292131153138
 1.755929943541438 2.308809547592057
 2.414705406642336 2.233544161215812
 2.30610856092432 1.909310772619282
 1.82754060315997 1.767682491289362
 1.507101007281001 1.507216040037877
 1.726385824705172 1.652913926633685
 2.017212417783578 1.832461206909219
 1.838037444206509 1.367739814475245
 2.186368296810647 2.214553647083966
 1.897860003759462 1.672440045111169
 1.783076607203685 2.169447847247701
 1.915408506539619 2.02530530889224
 1.726247701624423 2.183478976205543
 2.249658119131797 2.021674746779587
 1.648924121058596 1.431416899673023
 2.575281032060267 2.086013346151222
 2.04491214217339 2.106798841494715
 2.157609672799782 1.790227076398567
 1.829847384054263 2.078245167110245
 1.709128925130161 2.21857169994166
 2.352606583312811 1.430320007016438
 2.303639166268832 2.554292766287845
 2.453164158050612 2.376061158956791
 1.791411657970731 2.446721340073482
 1.602832827875727 1.29740430708057
 1.936925684102617 2.6061345525021
 1.680539430136843 2.444159836604053
 2.584630874487417 1.679633003106473
 2.227429341478324 1.847267266149549
 2.538123928367355 1.983165108104913
 2.465581935087543 2.189630712859775
 2.23890065644028 2.011005630041977
 1.691812159840868 2.263315078709554
 2.245600844170875 2.707289499762719
 1.839811521241994 2.494669131963924
 2.362137883869862 1.779348348360903
 2.11612261385631 2.03237583246716
 1.983561239784703 2.168489594902487
 1.700180775583845 1.660272578712478
 1.458196146042612 2.002048048125208
 2.421693286208553 1.731806640715767
 1.951317482755766 1.927056586403567
 2.117386432548578 1.890331886708237
 2.07283910442063 2.007182228605414
 1.496236707284589 1.920220435323366
 1.991196942234015 1.289241051131921
 1.608494634653618 1.795310686559756
 1.383011996565184 2.07225370607161
 2.220495975481452 1.609936129496061
 2.582790695820667 2.041416265145692
 1.867230964523828 1.923863701355486
 1.763740728570263 2.077131003976954
 1.509470532826938 1.845503685004229
 2.063750192320211 1.819926548632629
 1.456395323406583 1.754307769573952
 1.729766448831407 1.675261438825889
 2.150894097883279 1.79263513461553
 2.47551468427014 2.573354940888874
 1.956371186842579 1.89599202339242
 2.49207160091043 2.009090736936455
 2.649668340901369 1.685702511154645
 2.014561975634331 1.755848731084851
 2.515271845134598 2.258392882979446
 2.200819142856219 2.293933695703602
 2.532847962399553 2.17229450115237
 2.470316294790682 1.942299187263064
 2.138042646881666 1.430321130285333
 1.750256050412811 2.28552680464273
 2.642670190802103 1.690693627493431
 2.128186303309643 1.744778130238761
 2.117562478277722 1.394813808465013
 2.234517918318622 2.142320296754308
 2.390518519907299 2.283010606151241
 2.420633194730749 2.445425909936932
 2.196539512439657 2.203901972542559
 2.173577589372121 2.025432963284219
 2.261955838953186 2.127013882087776
 2.141146243592849 2.146414688292575
 2.104066860384568 2.125071990573094
 1.810226849887406 2.422815603581261
 1.779563358488555 1.794756222099618
 2.390863259395927 2.366060180369986
 2.036371947927809 1.513046509187792
 2.106264178729699 1.906851204924247
 2.100410247010722 1.974907440948117
 2.099120416593722 1.946834926293864
 2.095551600197926 2.101430186129064
 1.863213610562548 2.269224780805307
 2.151419331504692 2.447316405835729
 2.472132492681046 1.926707969656897
 2.295032539610469 1.967045358617029
 1.843986432043195 2.483314169017312
 1.629546737510672 2.420034844796729
 1.572814269825831 1.562089897080243
 2.429206861115099 1.968286003257353
 2.354759151333468 1.702912929774832
 2.158102027763876 2.094517063196076
 2.046598812035512 1.986020020734001
 1.995951161415452 1.777983153439561
 1.860976103994549 1.836550409403473
 1.911647967565915 2.108047622336129
 1.655045250601977 1.977127534391007
 2.399475108334158 2.578076253754181
 2.343864664531624 2.336268773873557
 2.102864938826752 1.818521681730699
 2.778465764238091 1.836379194046175
 2.419174527596499 1.48570635919299
 1.606170750627775 2.192991317943157
 2.161060362197912 1.712786427739079
 1.640151175279916 1.86132709279368
 2.071776436759639 2.083055460410656
 1.467863813845349 2.01600607021476
 2.115827921229451 1.802803649478108
 2.387060888730361 1.92924432491165
 2.034890466124018 2.286982209172018
 2.150410822509541 2.157802924498327
 2.392350121644216 1.57307828321647
 2.12746841391117 2.266709235451151
 2.132281750249805 1.966364680567114
 2.243181207077416 2.117118196351337
 2.086024065776524 2.023895108295282
 1.731162289987187 2.21616236471349
 2.283553986451308 1.506556653001411
 2.295713503151962 1.895622731652662
 2.105701599287897 2.49257622790225
 1.97186976084325 1.991921881041756
 2.064592107501345 1.785788284695071
 1.832360523897295 2.09323085742012
 2.139844215452808 1.925297898909565
 2.559635906968432 2.138984995859461
 2.305413026024314 1.890987415360413
 2.128851342911504 1.842807809502783
 1.992465767328819 1.871611272502103
 1.15765510634179 2.280132781837138
 2.609948307156725 1.978610653447711
 2.090076696673914 1.76049995141018
 2.101357514217173 1.755380347326928
 1.982598330934695 1.503274984512778
 2.411371875870007 1.829565831364819
 2.446367161574858 1.414073741723465
 1.852230025492964 1.818495554793818
 2.415025389040708 1.424030960894338
 2.544510107605381 2.442346943821889
 2.090964325482256 2.559261476865561
 1.562133328867091 1.796477364267983
 1.640762141138067 1.848887801967381
 2.166413846782797 1.836662742948798
 1.482424571326965 1.934263491550317
 1.850593351264614 1.560491090470348
 2.187594315086004 1.86184579022505
 1.763308893685303 1.927596891371081
 1.835290674566718 2.396082688922478
 2.555327750939563 2.351248980180875
 2.403772479490558 1.669080927074595
 1.334274766794204 1.917289036952359
 2.060799710083182 1.272587583193546
 2.188992575569998 1.895824032235693
 1.527623633747363 2.293368432788176
 1.723965136422256 1.69705720024305
 2.558186043269858 1.615148012504212
 2.134614351684002 2.371275011590821
 2.241121567888599 2.12208605722188
 1.917334383461513 2.021718805808508
 1.445987675593725 2.469614561463346
 1.947900972733221 2.31820830599082
 2.32919471423712 2.227850198320585
 1.328383476249185 2.284168304233376
 2.212816819521971 2.053056093270673
 2.022602928660771 2.245697159587084
 1.762568231859965 1.939700865407759
 2.305849953154616 1.3093468100535
 1.329445240054789 2.173469043348618
 2.269869869948914 1.705500248161095
 2.096873540871412 2.026184061305161
 2.277869450790484 1.811798192423728
 2.533428822617554 2.038700704942112
 1.952519144921785 1.900672176468301
 1.827195398812467 2.142741593958736
 1.830054449722768 1.535811674021437
 1.722764315292838 1.997883454778742
 2.198192219956727 2.225675766247653
 2.261030366192177 1.907705751437076
 1.959935471794807 1.763025894431162
 2.154091472293918 2.247470226974169
 1.965618415709711 2.075532445587474
 1.848315944437489 2.462008499965862
 1.908766555657551 1.23326948448455
 2.157472699361762 2.240761571556783
 1.898322272115637 2.034532359505605
 2.15712743844301 1.912262273999465
 1.819613105781825 1.780411191888522
 2.513522656134749 1.450191821740272
 2.344724242219858 2.218642861758409
 2.39529084115563 2.687234941995731
 1.801667731690843 2.099490504175232
 1.81926666341979 2.078052721687259
 2.217401077257943 2.366081616812703
 1.995965259516426 1.841317024645462
 2.251002380878235 2.20791912161488
 2.30949910062709 1.917722175273224
 2.07923335898129 2.231784456347546
 1.656211315813575 1.571967919726018
 1.523581624190462 2.090015537351178
 2.305532156942302 1.851180305860417
 2.132412376284411 2.234462199225104
 2.052903466870124 1.873519691256523
 1.333278776537379 2.373643065152201
 2.005404605713263 2.006860463623448
 2.27203239485587 1.705369680175913
 2.294000366782563 1.382280601511271
 2.121400628279765 2.24095474651359
 1.65394264951616 1.591914790767952
 2.463443065219134 1.997921253599245
 1.519773725798865 2.23730323460683
 2.273876193262692 1.816472516068465
 1.906579860440806 2.003611266997814
 2.06064936884587 1.747945811068647
 2.350980851580241 2.4151696770441
 2.171472256315234 1.761575575365377
 2.251698317704044 1.625773679643827
 1.320742942622172 1.735589943146197
 2.393285400802847 2.285390032460447
 1.968841407833091 1.816314161851997
 1.647879817379483 1.974323690213166
 2.112394155510079 1.283917162995891
 1.944950007000804 1.896849033990157
 2.224708060776635 1.688357664081276
 2.189898459143524 1.65786050965937
 2.006875090046361 2.094111349801761
 2.110988773786305 1.748031520456983
 2.642125018669038 1.734654601949596
 1.766174727781752 1.731542776826252
 2.362321771258046 1.881670586107397
 2.531711852435106 1.626957565028329
 2.236181809945964 1.393908665762822
 1.875663879089414 2.028813895114737
 2.038529774273308 1.574106581780337
 1.71833207830263 2.21847522539992
 2.061401854221673 1.930914211669426
 2.529349548713363 2.535041790906958
 2.361383018105259 1.995087879732041
 1.636569085021308 1.839100146916905
 1.946605228819186 2.021125682190987
 1.705652082232388 2.587569681914125
 1.702708027205049 2.267152006753477
 1.880581860744979 2.127152224263149
 1.563893769915021 1.848534583873452
 2.336338703959393 2.137606986462923
 2.20010653466276 2.042711527360015
 2.375093296693205 1.673854776693003
 2.165350035840897 2.118530340641269
 2.167581662665981 2.191599310137979
 2.188099426314933 1.875798428449006
 2.172877020444105 2.281301312872682
 1.669052827901734 1.872570030882464
 2.302946701788197 1.879543672081679
 1.945218308604696 2.172706035936422
 2.299723623455641 2.224663996586363
 1.355112850552824 2.039304615515477
 1.940687371988059 2.113551343984093
 1.572964723029454 2.093186581335775
 1.454811906327911 1.632088425854844
 1.760451458468524 1.484316172365446
 2.390661015103969 2.352776840921465
 1.881006239143212 2.02753766362413
 1.859269938082865 1.957122557210334
 1.967375465413433 2.249664754781595
 1.76554014535932 1.975236540005606
 1.866260503344569 1.554839050258259
 1.871119119893757 1.740958493761801
 2.079511820979509 2.168936548700822
 2.036583346938564 2.022585990180496
 1.898266358792347 2.214436974352197
 1.605788372517528 1.711387314085735
 1.809953856572577 1.03528943950661
 1.719287739029386 2.200701704063938
 1.823310372102084 2.167181762765288
 2.026275637095996 1.680054535906078
 1.951071502518701 1.848947676729585
 1.746804338364781 2.460039119377741
 1.673559588190221 1.847063984973488
 1.287560583472091 1.610711264545539
 2.517790888842977 1.690055127481657
 1.985195070317297 1.736940446578996
 1.633011062438909 1.969397032357343
 2.360163781691117 1.997644238946665
 1.976004006141945 1.662175294797255
 2.251312697339343 2.005100557076046
 2.235388251528121 1.711077140683675
 1.625890682018111 2.095229003013273
 2.008676386434981 2.327928642606863
 1.642133684826735 1.848056933320779
 1.84721473725523 1.923252742005994
 2.167179494031783 2.011188154626407
 2.378231489446383 2.100050504141115
 1.618775095152441 2.422648707224634
 1.704391573757283 1.681829641567455
 1.948202365502545 2.059197913232261
 1.8815099987011 2.26000520541538
 1.915721409888345 1.495246088448029
 1.453407264902266 2.775587789874186
 2.005851303371425 2.157323020535766
 1.889384990756611 1.864117041993718
 2.0188668574707 2.083468805721539
 1.587751819283018 2.192312010601817
 2.037371793770888 1.527861702590705
 2.181038269998833 1.796650398492259
 1.627129300074172 2.102798913962121
 1.790016644549225 2.082520847482529
 2.080886805355517 2.339083396973869
 2.71385211218719 1.537860845919698
 1.960007250323992 2.082755076580455
 1.841226750549084 1.875289794921704
 1.973399947002484 2.087368955287446
 1.924532168831421 2.176126060762003
 1.861177055684085 1.973942161667489
 1.62853287669999 1.764816344032465
 2.540720589416448 1.369986562529172
 1.631065955637315 2.02526826956715
 2.157301273363961 2.343743994812841
 1.916163602241492 1.889864152963478
 2.221245207778504 1.947131340043387
 2.01497465006267 1.878506256769372
 1.802482774720545 2.059803146738274
 1.998280382160187 2.313637011160283
 1.570943851680435 2.216790325189614
 2.27960664775826 1.872603614132014
 2.294439409311535 2.049899069888415
 2.05293295637094 1.427436650788099
 2.80605449224677 2.421622368101613
 1.932192618368991 2.503398312775994
 1.435378902580894 1.810896020195859
 2.139479683927953 2.208557109667602
 2.102875236017071 2.196936501744419
 1.905073704123366 2.128499807354743
 2.3874648121461 2.431056414560564
 1.857066132821974 2.499608592604051
 2.387252614610141 1.974091725771645
 2.190331686271855 2.200045634531904
 2.082356478422382 1.925887695275869
 2.109766899284554 1.658777584938258
 2.173474619002394 2.19456446462083
 2.735665344021717 2.172437981509008
 1.451241414664141 2.343424626783524
 2.161321933076232 2.348029479793617
 2.229543828162454 1.846007646201228
 1.853336814892719 2.763265473767448
 2.031548022439432 2.313594795287521
 2.787321775912741 1.581138624484557
 2.128135801279667 1.56585322561956
 2.095470757477258 2.098796710384686
 2.001362466488237 1.840550526738531
 2.0921683872595 2.314794258529802
 2.12704676341504 1.458443617154994
 2.128977950824353 1.821280918764321
 2.186149072760715 2.036354911359003
 1.767910650262703 2.589601990506861
 1.855816138236371 2.138025277738271
 1.55691220362605 2.006245868566323
 1.858307420642303 2.042920385847587
 1.445513590215525 1.928850544701753
 1.991698011673417 2.631704585296308
 2.376725971497384 2.47674928413391
 1.623605782994763 1.990753991480402
 2.139325000430972 1.747241752949226
 1.888868308426607 1.752048887612267
 2.379997841486155 1.751452960158009
 2.126118153235041 1.981522217771599
 2.431757553845914 1.945955807224391
 1.926700606382427 1.709620146955933
 2.133922141466901 1.614216097282119
 2.13285441839674 1.789747031686404
 2.053906752345648 2.138261073634089
 1.951478870755549 1.876682960982208
 1.982929322034197 1.895521905820513
 1.816067492997966 2.088112417970792
 1.970422368266207 2.292597547789087
 1.445132260840212 1.675340910435512
 1.882033785044379 1.984125135809312
 1.497212767253003 1.910641070541011
 1.967620491925862 1.52638162686573
 2.189242521975409 2.33557995978818
 2.123144572770908 1.440357102669452
 1.936603860484283 2.129957008283831
 1.515011377425753 1.582114121082425
 1.888369648618986 1.954813707606236
 1.791944949538169 2.592173756294295
 1.679736222407044 1.728516252874624
 2.109563709975009 2.177916566970331
 2.178532645134375 1.293752286434047
 1.957797751394886 1.575691301977992
 1.786280852692319 1.708830146525294
 2.77774178528797 1.893095246241805
 1.756195368658817 1.696936568064975
 1.711156697115056 2.002302117280452
 1.774492296529075 2.204914695194746
 1.515583718341064 2.089072461615088
 1.842459041680421 1.999878367914573
 1.856067560576808 1.654859867374931
 1.795371299052795 2.236210112198741
 2.445413611772729 1.763229760723951
 2.018785021872719 1.507707319322528
 2.635206058623273 1.396198746820534
 1.817070269521569 2.419578468597054
 2.026279678858288 2.266843148593257
 2.045218065796234 2.31447100118636
 1.832890090971115 1.935758105024724
 1.794965684073992 1.70089190439837
 2.439065685845515 1.466256483242196
 2.089414580527564 2.164858838953357
 2.205633067952763 2.051225669011974
 2.062556806672204 1.802216493150909
 2.009775345864301 1.208401561790872
 1.842936293380189 2.125761624161409
 1.954896735353174 2.381092889623569
 1.946296498891228 1.610862781693605
 1.732600583471942 1.740637165235543
 2.31291066691137 2.467647107628705
 1.228653539207066 1.871839600802496
 1.5039100497238 1.843552576327023
 2.254295756326598 1.693584577006898
 2.063590638844813 1.817156248647924
 2.145796561286387 1.716530315272075
 1.891811885692416 2.000523890279045
 2.553524190272981 2.497792677862549
 1.898658513004216 1.911200491921769
 2.364115351429092 1.939737916478234
 1.757925450101899 2.185611667479647
 2.474584221375635 1.918187349687809
 1.829111260883811 1.646252234018242
 1.937241765439259 1.488736417895286
 1.250380980615796 1.928551019169509
 2.135327656009521 2.247973852370993
 1.946321903914228 2.354852342572594
 1.707131210667686 1.722880900881158
 1.823577023866279 2.270410255126523
 2.219975176946365 1.720158361059041
 1.739866146420443 1.730530689849923
 2.38142017048889 1.924352701629321
 2.162596129049925 2.008101190229383
 2.059259901942449 1.992105663517178
 1.791630858101463 2.284670270086443
 2.091838785986337 1.858172047221029
 2.175402313128771 2.160138914960488
 1.694088071341689 2.05779527416339
 1.732644455548146 1.977763794659067
 1.787702603136798 2.02839092923023
 1.971077304111944 1.506047390577663
 2.121589865657647 1.8620487817328
 1.973678328968219 1.664015086230482
 1.764397195296564 2.135518573062511
 1.90536357013972 2.081474030194615
 1.931599655068033 2.373009283535975
 1.867295453022479 2.487657670757424
 2.062378138060595 2.110196595737373
 1.915743233616279 1.608738059815979
 2.044603785734392 1.820629417764329
 1.726758892644424 1.897734759371485
 2.166791905624297 2.157681677050737
 2.099059720326917 1.672738945405313
 2.50404893654598 1.417854387838096
 1.56110340826687 2.213861094582759
 2.068078076455401 1.823837453255474
 2.233601880734636 1.588661952667981
 2.18093156288406 2.263584331777902
 2.01442913905757 1.986140448138611
 2.251178792086679 1.749616318192131
 2.294271536265621 1.343390192267816
 2.470874511029685 2.522111807650074
 1.804674795670029 1.857263293538648
 2.040542485076567 1.660513355001819
 2.102253431580935 1.550110056316717
 2.362403087843941 1.852809640393723
 2.290490898193202 2.129806478792091
 1.601172806515841 2.035394848703994
 2.210565038002198 1.695057959195409
 2.120738359172742 1.740867902284123
 2.293508547700442 1.778533119631803
 2.021585411366473 2.190446051147183
 2.230881800709173 2.025542018007326
 2.441636065293791 1.938373953765805
 2.564159050627095 2.103537616116173
 1.652290443208992 2.364650055952773
 1.758647636683359 2.273061067743189
 2.209520290645033 1.300364370716927
 1.654688606366058 2.057958702395841
 2.37806550206176 1.875590564449957
 2.197684629948362 1.838045062987965
 1.95207168263219 1.373592217162443
 2.275216750421245 1.812907979692653
 2.037312542929833 2.237432717818316
 2.081166251186025 1.938700994775568
 1.866761249447181 2.197262641224629
 1.661728057086907 2.596399990439068
 1.964687380068196 1.875844417404436
 2.465012279474021 1.968318095064755
 1.664454638333507 2.074587375371362
 2.266879775925517 2.040639155972314
 1.775582719833589 1.688821187861361
 1.725590646444473 1.629565038416507
 1.974244437880381 1.855764034783832
 2.991636440329013 1.58626383119202
 1.913904525045952 1.272349143658251
 1.745210910017265 1.228656778493947
 1.733030822927139 1.723607173455075
 2.338033850690519 2.048644215304154
 1.81199584924396 2.010592978130214
 1.712058430529605 1.952542260039684
 1.666835690825663 1.727192507300078
 1.637043447093953 2.389002017363641
 2.124371557849126 2.323172145048419
 2.142002194177657 1.529261861293807
 1.500061408200363 2.019021133362881
 1.879634775249016 1.837230301745019
 1.828417326018631 1.627570779632166
 1.977960154697137 2.414895940211849
 2.097416181889441 2.535816931720109
 2.195766723081803 1.839286466857921
 1.885675258426428 1.703215859589831
 2.300918748570034 2.251959907715756
 1.916079440514622 2.1831524415914
 2.02083162880331 1.432373983411071
 2.239002773207625 2.213495485074949
 1.622771151315234 2.176165891037897
 1.650236657927441 2.22465664346382
 2.364916944407246 2.005667022870798
 2.162194614009231 2.647636954042531
 2.059304637526711 2.080008184464059
 2.217644839303262 2.254079867733189
 2.004968621266639 1.908181455584084
 1.773677083956531 1.957952471127577
 2.248167421036317 1.566162242820293
 2.151141043348471 2.205024961427569
 2.161479228111134 1.534747344035956
 2.407218063674923 1.88310393096676
 1.633248740839869 1.980232771729694
 2.350363578581544 1.877093870455285
 1.975822464092228 2.188501994044136
 2.031864134127824 1.684464438762949
 2.304177090818669 2.377243651181841
 2.233326179800496 2.434535781489223
 1.741627628113732 1.838935359114304
 2.221096346908772 2.201595953727566
 1.809969739761109 2.335779998975966
 1.821964217483941 2.030560549964696
 1.659503906485869 1.968096716471396
 1.884784752264324 2.155921784825717
 1.922454898702378 1.999036443529456
 1.794216317194576 1.989404324616257
 1.812603945565592 2.39504940519954
 1.680241348299277 2.225443632466687
 1.895796395619722 2.260272037039949
 2.095400951428128 1.891694792673367
 1.289078649909642 2.338123614182187
 1.946507758165678 1.983469112489605
 1.424660992386418 2.238961732511465
 1.893210984615356 2.16022615869252
 1.791913652859719 2.060550233490369
 2.16417426467972 2.01049266199988
 2.142416131155028 1.999944281193534
 1.734929109974744 2.002983067047619
 2.100580281552492 1.545770027332804
 1.893502119681461 1.439978153231436
 2.24593967852863 2.213740814183681
 1.693339156380366 1.667880051866963
 1.960083550983294 1.773271995371134
 1.839536555074651 2.10758201994236
 2.386470745904424 1.842513425476676
 2.599869100808903 2.167039256965676
 1.973830529130445 2.441455379650173
 2.152742807366729 1.761876876656243
 2.039448240980749 1.135124273569657
 2.033832389209684 1.827386440288866
 2.08470883671484 2.140920547349493
 1.798514644501555 2.387009552599475
 1.573826954912863 1.802763200459226
 1.419924678191735 1.989134196137609
 2.370331206398713 2.591626950667305
 2.036004799698421 1.939547781746378
 2.133020889533979 1.988392274852561
 2.253869135430771 2.084969219479166
 1.47527272559755 1.693935545438186
 2.284211502354647 2.105092515504299
 1.551949433713955 2.490196792039453
 1.834258720300866 2.266997191594966
 2.036637734949606 1.869015211068833
 1.998480588559415 1.938329145728025
 2.01493853675434 1.898247986676295
 1.531771119673365 1.890151098274388
 2.209310179502875 1.465515635457392
 2.155170101788727 2.024595762157371
 2.087689692609688 1.97533741907081
 1.85063433690451 1.968411800590017
 1.591065458637571 1.918300537002058
 2.2459179168755 1.757177442371701
 1.910393586517273 1.929898828755745
 1.675652625356988 2.265909988002863
 1.288401181884862 1.947750038666596
 2.303953532277275 2.178238894332188
 2.120096162388401 2.183462385278764
 1.680438108875927 2.323210201124025
 1.647524583185586 1.769017430328649
 1.650916340199838 1.761914392327209
 1.869957849740241 1.904686896141141
 2.14497654403098 2.269333674184567
 1.474533015736083 1.650580585175249
 1.953168782953468 2.138318238681816
 2.024223435147412 1.185646351777609
 1.571124821632371 2.258128343028265
 2.082688288628943 2.589285943154403
 2.14115874108556 1.73201543677239
 1.786113730167816 1.913488261687941
 1.696415209779706 1.867667939047322
 1.902581151303373 2.327633629698689
 1.65437736966936 2.166986551188561
 1.802531927076725 2.145503270348393
 2.132892287125133 2.131500645080446
 2.519805581255518 1.991005530026569
 2.176516884280001 2.267250964518731
 1.953371018499809 2.399070224806095
 2.290173392346728 1.949280645524113
 1.838544356831862 1.465297426736059
 2.020231288378738 1.711609479453223
 2.094548125156819 1.851505150271719
 1.980134180655438 1.766437091542186
 1.936573861245204 1.693883662930075
 2.155097470461143 1.917951073451115
 1.800607112884717 2.059886090285662
 2.483690825525009 1.734645716845891
 2.075147421964054 1.937160746720346
 2.105679903158505 2.074189631791583
 1.884436390140613 2.37975925095529
 2.506274242215775 2.195611150851635
 1.991749608768939 2.451166229863395
 2.138396100982159 2.381074156114177
 2.184110506267218 2.370517350742311
 1.885075405587616 1.47359918839126
 2.086194501826729 2.062365288153757
 1.810572615295607 1.650904447775953
 2.133471835986033 2.282776138188516
 2.058107952823459 2.036292021592561
 1.855414885709911 2.179744341648583
 2.523135263054511 2.189781628682574
 1.812810531346415 1.98933290001849
 1.927474687252282 2.102661007097506
 1.582932983749051 2.066818733018564
 1.999741537128588 1.953028392943094
 1.720791001048881 2.075257681509105
 2.288472081845577 2.26890607950344
 1.748954803299146 2.35161306178553
 1.805673987082024 1.629643449010066
 2.20785472347867 1.563213510201681
 1.430392267986084 1.678561059839417
 2.281647953365924 1.347475491438826
 1.54444086369255 2.369353863308679
 1.716776535587908 2.048043556049608
 1.832274991815692 2.02887629986341
 2.303923403026606 2.503548031837832
 2.296355650799165 2.265201733327098
 1.477096251980042 2.254796155840873
 1.723187710343573 1.864743476381516
 2.106186648599144 2.470387955038753
 3.05391613280738 3.69195102047005
 3.516818309279846 4.496376626834346
 4.203413944824185 4.603153114430381
 3.164121165068956 5.031945778926935
 4.004784312122765 3.605506752561118
 4.539525474309842 3.324157970975977
 4.524062620398736 4.172589287673945
 3.778959605208894 4.56672781330612
 3.693802860781967 3.308848877170087
 4.939270723057126 3.997820934938572
 4.330881593103173 4.781709059050931
 3.396798215432383 4.545393108217703
 4.44936561918014 4.487719350955505
 4.303046775332716 5.189629899271119
 1.230395146002375 4.722961788235306
 3.079119732967511 4.18999705035271
 3.847624190651392 3.839360170429926
 4.483234164259212 3.034554792237828
 3.791557593953494 4.661950298224938
 5.457683767247344 3.070877860313427
 5.750207897373857 4.235586317978208
 5.105434630669391 3.541373510025069
 3.052870895078308 3.883161925526542
 3.799818893191517 2.267163127544325
 4.639806691006945 5.162236965420902
 4.146416811095702 4.197588705909507
 3.679018140334129 4.300129691506533
 4.269584726909737 3.782966502069984
 4.0429649103919 3.936697665657994
 5.427836927546926 3.632024193047684
 3.379808314118324 3.248757403875846
 6.101553187231399 3.484757686357719
 4.069490851480341 3.536138273208166
 4.356257071842892 4.374547084000167
 4.16098256674912 3.252839172873572
 5.611190663322904 3.71998054158828
 3.360257828770183 2.87682434399394
 3.487108309973945 3.94314247069169
 4.477827384642276 3.767209427480489
 4.488722894505007 3.555435543564751
 3.392594348599154 3.451174333518941
 4.252756480103474 3.917508377171549
 4.471063465942023 4.393170894014361
 3.314752172644436 4.249348290692284
 3.585229351328682 3.85156094436548
 3.732219447018069 3.983987336139336
 4.290431523085378 5.608909318304494
 4.268978547161197 3.095394266634395
 3.957568266305783 3.809483386962767
 4.840288269240737 3.194501767341818
 5.322990402031767 3.718276588876517
 3.137174910033464 5.291225633376383
 4.319635359910926 4.012135736099141
 4.537272297053781 4.194375381363656
 4.755299083436674 4.018053817029115
 4.568375399839564 2.441032731150736
 4.053153124234908 4.60211675641755
 4.074064255946737 3.433684894964625
 3.146781489510549 3.475795036492043
 3.415309893056659 3.816315809286868
 4.477746822857621 3.957014828610322
 4.707306157092284 4.291110799698708
 4.427686887084107 3.356451932280796
 4.175288739669052 3.954760908140881
 4.734855193939413 4.184056462762791
 4.262530507957229 3.696940511107056
 4.997638549370573 4.767494738283582
 3.588768231760129 4.396202916476219
 5.422691059556835 3.130930318149484
 3.323171353936712 4.072757516620917
 4.204049066670364 4.18881564984361
 3.999207522407192 4.493993841940211
 4.019651741801747 4.961044036780592
 4.625687049528882 3.929042563031076
 3.501596041776755 3.186513183378376
 4.445569410777828 2.912788400039635
 2.885697734551446 4.925238025414592
 4.167156948596969 5.315232413964623
 3.404574879987098 3.628701924807367
 4.438507766248106 4.923610814951065
 4.726239345988794 3.360081580262444
 3.672598324421191 3.192670761767789
 4.902979707397409 3.811013333067413
 3.685554776020737 3.148474782825547
 3.52846320226058 4.395943314937371
 2.481895705105037 4.447709820104078
 3.712220731836186 4.13047929514584
 5.013576257038327 3.648499978266331
 4.086864885582644 4.283635841857316
 4.154741791132436 2.507538019452633
 4.51713525419667 3.425396497786374
 3.962861140514609 4.073950504451616
 4.331446854989635 4.052131221997892
 3.018861189894837 4.525155733876246
 5.415947256316505 4.127392547177628
 4.597504632156992 4.119876659370352
 3.687105590810625 3.602434004710083
 2.492684793275207 5.23704555263498
 3.733198929735124 4.075495277092654
 3.829107463695909 4.616049812264062
 3.502151609705428 4.060950027057602
 4.158991520320469 3.118521818693739
 4.423661386013029 3.611976168657296
 3.358676915450026 3.492348976015584
 2.826632281197506 4.619427636903765
 3.493849437150011 4.054965546134609
 3.648804012974287 5.609396220775226
 4.608694675993429 2.436422005150776
 5.432444095090005 4.736211620670034
 4.172811261373927 4.030149069503095
 4.263115180536733 3.774573204113842
 4.182193144708446 5.836357780466597
 4.092348528506427 5.169411664568743
 3.695211227801148 3.905306168733865
 3.707093703498065 4.162476322130969
 4.613008085329949 3.717180595286697
 3.289248884412385 4.914959895888422
 3.382672001596184 4.283900604042241
 4.670761844151475 3.659164415816123
 4.183331368610955 4.173981608722943
 4.264274995430648 3.785076624231713
 4.278593655206653 3.237471861465975
 4.226287989035502 3.717647521488333
 3.826748657099552 3.219803717881283
 4.657699177825651 2.802254062059467
 4.93861941041931 3.743722422956892
 3.708929978124512 4.673945804507852
 4.425889770048404 4.72547116091799
 3.354777904200917 4.079038846331357
 3.36479647366349 2.531200769051089
 3.895776199733613 3.908904578673484
 3.982810051229971 4.232873925895177
 5.187088142529292 5.555884812907679
 4.417319476834756 4.299648297591958
 4.00823083096557 4.241543792389566
 3.316888388924146 3.890352477378576
 4.079657666819043 2.908448752548538
 2.767948415860977 5.041065189452524
 3.6266704901662 3.53721949770985
 3.728512724628811 3.825449324352937
 4.667809497670661 3.67847628963229
 2.759641459299877 4.537587219291271
 3.871503055425971 4.505473778928688
 5.057166089760238 3.818563888314272
 3.75404795806695 3.434918498546701
 3.413222237346875 5.01693481242366
 4.873908443122579 4.132841534266646
 5.396039784710605 2.820937891339476
 3.214716850088896 3.934994985506803
 4.138189267386474 5.352138164532243
 3.37167721218654 3.088585766888313
 3.57090600569403 3.921483216331509
 4.332725406559199 3.438792480600677
 4.041479944717614 3.312147625310434
 4.373171963129868 4.391290049235579
 3.354709707206761 4.186881247036303
 2.687642306405162 3.698281279178487
 3.699575267714004 4.157229064148013
 3.476895995948913 4.164685613221859
 4.300831432752393 3.450213485574084
 5.581523567123596 4.974418452113858
 4.093839890001566 4.058295814559556
 4.493314043917649 3.913191495458417
 5.280758229952618 4.735476098670447
 4.661775922291489 2.978928457812822
 2.688454620484325 3.48748064336477
 4.094852678014096 2.679497022995054
 3.525829764888857 4.341672312388492
 4.759118189835139 3.480863562459608
 3.825839866768474 4.234195217795738
 2.380023009790498 4.495142533612656
 3.721618090418218 4.435238783529417
 3.313170337984539 4.364028011892538
 4.049220720150868 4.064662647845256
 3.354383788014815 3.674717132432094
 5.028767304546256 3.494130079647251
 4.262253704841137 5.875700243733855
 4.940929183005607 4.77575779571726
 5.037141614718777 4.369986370227322
 4.085630453735352 3.950408355568422
 4.453543623778787 3.777308721286819
 3.538733576671964 3.111387421693967
 3.650255575506828 4.315048169019664
 3.837199684170705 3.676960370869245
 4.494240998791251 4.178618572295997
 5.63954036269491 4.395154277453135
 4.098919585743719 3.954490735584762
 3.484441602042323 3.18895740337031
 4.783978436033934 4.322567966627116
 4.232607887068633 3.867750443768348
 3.936904026524706 3.547436715120746
 3.713429221776985 4.826957783494832
 4.647308423250399 4.483665996228328
 3.153005710993127 5.07581157006975
 3.704366796440828 3.774917444741603
 4.886818532394497 4.423763521907595
 5.31023039233237 2.92486804564587
 4.281313223899616 5.360057161584333
 2.922476483571301 3.56929299391522
 3.698845869579634 4.299807712239069
 3.459903726003526 2.224677563787721
 3.468176028433847 3.447849248582036
 3.859636607629853 4.868355569119557
 3.244838086691031 4.740997974938352
 4.49662455712069 3.28738174233226
 3.954523275695544 3.293201831064385
 4.490976697600702 4.228418757069007
 4.387011026531086 4.081155740579899
 4.152209036410653 2.789532818439949
 4.211094252901614 4.768128813692015
 4.928645950270587 4.722545352709595
 4.089049218749883 4.522850256500457
 4.46745295091665 4.537393864062458
 3.799506697216542 3.857805574620741
 4.532278997347003 3.178019298597659
 4.728689961440558 3.834485881205226
 4.613081916217252 3.697647574201359
 3.812732582120308 3.618499721812984
 4.379383432876443 4.26685683448843
 2.900454734701314 2.968589999586392
 2.876896558039189 2.647992609298415
 3.868300888659809 4.720695979798753
 5.286954274501987 4.082258021171099
 3.552622478813089 3.003560439389897
 4.794278556618641 5.386649977730247
 3.360131267097981 3.823823575536545
 4.500462190182243 4.077287929722886
 3.546799117576243 4.752931880164045
 4.507194791313033 4.534093494164749
 4.752877723782584 4.835674818655101
 3.230904142418936 4.733779471866034
 4.215665614846459 4.403699183524711
 4.818147715365059 3.324133377339597
 3.957920900119392 4.622178464552761
 3.337247239212907 2.858889457455998
 3.950793896231978 3.982105309673533
 3.588393751177779 4.269623073307413
 4.217792472393363 3.628015080386652
 4.061796659062864 4.704038476283588
 5.886359670762438 5.192655685574731
 4.279564560854498 5.197217324188218
 4.665668325587971 3.865805351265953
 4.063752554962109 3.190393054433583
 4.943840994214352 3.52320395180978
 3.885186434041392 4.422693688576631
 3.934619387244567 3.396327517971152
 4.299421929218086 5.388024503684337
 3.718156626699943 4.571203929557248
 4.274062407580809 2.988338552501832
 5.032427467521173 4.081514188149702
 4.909939668862584 4.629294668620735
 4.186347307068578 3.518763563729375
 3.781956790347729 3.966655474526426
 4.483228262543845 4.009947077878825
 4.209850184110459 3.819783616271724
 3.824780644136117 3.279731398051622
 3.286443028343965 4.53023209852857
 4.051566693288812 4.419620751560871
 3.20562642001773 4.452538508520511
 5.145528323937392 4.09776617253274
 3.976861854746451 3.409549179223667
 4.025995483722148 4.058552174696924
 3.328980985803361 3.4303193396051
 2.921480174986475 5.412982875590089
 4.73832799614112 3.485055136850816
 3.653199220269724 3.330924738794101
 5.05935880094785 3.78419192452356
 4.394984084145348 3.384180414247509
 4.377763342564115 3.616531349472613
 3.173260593151523 3.805741753245256
 4.462930192674677 3.691494048225202
 3.146704425532387 4.600029373698759
 3.027842357627664 4.908652504792735
 4.01468127251102 3.506799921621882
 3.421095203447556 3.916541864184045
 3.784147395585713 3.476625808002414
 4.577606825560992 3.398843692017075
 4.263530820823267 4.703068526219102
 3.690503559122021 4.17210170702375
 4.66859112454909 2.624638040769183
 4.482530740412636 3.88346516681738
 3.898079647191431 4.297987883127393
 3.963945315904362 3.755287161951632
 4.521130309161325 4.34638270828449
 3.768265907609387 4.269079792534013
 4.113818293368368 3.160095520348562
 5.077300767386731 4.519742391947838
 4.509889597483451 3.532768159188847
 3.341171958710134 3.360615223861489
 3.684008807491574 4.768196472257328
 3.493327821579147 5.090883932482411
 3.545612250209897 4.331940779484114
 4.379498292898313 4.497509523318761
 4.255566335732884 4.952859297154389
 3.444113192504605 4.030407766188873
 3.197938122838138 4.878153637307871
 4.001592126733599 3.713575845394718
 3.866789498830576 4.469249696999342
 3.915880246234597 3.897035918026777
 3.577118301724164 3.632874756689019
 4.081466301458488 4.522155475687719
 2.942946956846388 4.052220486550676
 3.827029401750639 2.486438581479318
 4.246280060996814 3.952501639762926
 4.55142599776636 4.013356580121121
 4.804451682083195 3.873951634548174
 4.204641331215115 3.021292009283521
 4.474800907430822 4.06650135720959
 4.52283814401759 4.38146143580328
 3.44925150843304 4.958401125857455
 4.878901693993938 2.994062664183978
 5.20019845000748 4.9297900862598
 3.888234406706163 2.301068520730381
 4.674133991761972 5.565437022769044
 3.558786177098239 3.716556328221183
 4.697456586923527 5.514673831593653
 4.555265630018536 4.902447353425006
 4.297535983220964 3.730813540974576
 3.687297003785837 4.937934004391497
 5.405351339377347 4.404077985385884
 4.159771346468339 4.930829707804155
 3.848923002603864 4.930846831548021
 4.693874902643628 4.253440029263124
 3.9995571929112 4.83161320363984
 4.710734237675584 2.310276814372943
 2.773271713686048 2.773426495562783
 2.917248821862938 3.940800414312232
 4.009511851294222 4.916922277082159
 2.450556060982332 2.890467979103325
 3.731286349081721 3.720314695957035
 3.970024211341751 3.868345001359224
 4.197640001311107 5.30365676670613
 3.397493045557913 4.377174808289059
 4.359380780750179 4.04096132627754
 3.952710089968183 3.594313776564525
 3.482422727402547 3.210495666852822
 3.902441450027723 4.830445619121496
 4.23791792052927 5.076623165131591
 3.411663791475543 4.444014801078828
 4.847142865772618 4.013251547698719
 4.165350670923393 2.337396556090697
 4.179927379590606 3.605520558269672
 3.436301984882791 5.072382419681976
 3.891596841157092 4.142978468119971
 4.517844012231315 4.408259821319535
 2.930199071503543 5.008157795847909
 3.605933841242252 3.383746707034176
 4.775439496854603 3.211990774594265
 3.107319103684808 5.353390584733775
 3.191115061759694 5.285361086076748
 4.31156552327101 3.804241020340386
 4.479075445969297 4.322997685062491
 5.185074408413438 2.902699645995793
 4.311445404274182 4.845623236856564
 4.698257356324634 4.537180771041319
 3.712971847162016 3.432262235984876
 2.846109782120847 4.847033513195956
 4.239758932758244 4.811839371382431
 5.059743728472368 4.286520728469255
 3.609503483287604 4.488888348142874
 3.713068157776949 4.021358479816723
 3.988833135654967 4.202722290893735
 3.859023984736387 4.065101298234728
 3.023800824262765 3.672432317656205
 4.15467589726922 3.945002695157777
 5.543287723466975 4.863417005859516
 4.117968386680896 4.184449934544391
 4.162380790252283 3.389110096912396
 4.34535616401108 4.071777294484685
 3.995973209798477 3.822468619610677
 3.326713781109405 5.319422212409959
 5.30884603171957 4.953589583208309
 4.525667155408655 4.517405328792185
 3.985205892370967 3.091856812230217
 4.118087415562607 3.649372236904334
 5.327749342536235 4.055963851336892
 3.843476124939486 5.213564491174139
 2.700366389790656 4.740494599656372
 4.197903440953426 3.939751258436951
 4.920004073385491 4.274705178651243
 3.681533082006124 4.788416543776222
 3.963349822222362 2.718562427101832
 3.944838275639214 3.245214265552641
 3.675145250953664 3.244362711457586
 4.070882947088591 4.128873013133129
 5.016458050760741 3.754103735860548
 4.044127801557249 3.848507498004888
 3.341597487179206 3.442869366501118
 3.484914256485946 4.203885024759385
 3.690174192388421 2.469056131830341
 3.845697709882936 3.547463045551597
 3.266551627724356 3.344233060452058
 3.697315611310882 2.843502486364904
 5.305715547387762 4.140466509806913
 2.975770774741907 3.710309294092531
 3.460801389364341 4.024302076260441
 3.457195157215374 4.109423300291881
 4.026308787940182 4.653572260238997
 5.006684088658497 4.027139493823645
 4.082478023702587 4.700261797081646
 3.695927561597157 4.473134709095806
 4.227239829662327 3.097419729371567
 3.706157927195188 3.892892510692587
 3.111318376677327 3.418690443693118
 3.012714593690232 3.056048362152834
 2.608701595124521 3.332496178269545
 3.526650560887452 3.98338153030659
 4.368765565120174 3.786634680024343
 3.243513106424701 3.655456649096575
 4.821256168436179 3.828432462341113
 2.906797187966815 4.735890581955853
 3.809594558582623 2.931557408646606
 4.512616538707946 3.405157335544706
 5.763264576496587 4.415755118374392
 3.607781490315763 3.848928445231338
 3.529029736723615 4.23421793155243
 3.692067927929002 3.011985257553069
 3.628908622671132 3.238915508912363
 3.695371185485762 2.874802615169802
 3.326292262975481 4.573277403270921
 5.188285116229626 5.266366282144735
 1.999695334129973 4.335183834414916
 3.268417200181243 3.006430193443471
 2.989236073406364 4.79366663650385
 4.139350930383797 3.602999806442037
 3.769185737584592 3.855764814778777
 4.631379105495212 5.46471842366311
 4.839664071336442 4.371011268559462
 4.244793456223663 3.548437147161584
 5.065498787235226 3.931278437330021
 3.277413111761078 3.177693300315256
 3.844612558741302 4.444066759752125
 4.221791677430802 3.745747750676217
 3.443695824424464 4.335467329590439
 4.700881190413556 5.072872371147519
 4.325243564512264 4.088488278432866
 2.904479044510897 4.418512630988068
 3.412755181557392 4.586821970571485
 3.575558971812486 4.44987971558937
 2.747169637119105 4.604458162322357
 4.1292925632809 4.122597634349883
 3.261244577977611 2.121738163717553
 4.602431952275432 4.123818415872587
 4.175625034523855 5.006199517747678
 4.354786793649447 3.963704445710462
 3.05070167407514 4.14899969989083
 3.268893040102007 4.260662002521228
 3.801434269263052 3.699011045538971
 2.678968032587143 4.62519142144606
 2.865190101105032 3.805192187267143
 3.799605872821411 3.284571166817221
 2.97733269137488 3.727284995851772
 4.907564627465225 3.688269728826327
 4.415859798482979 3.533165458426733
 3.039513301729598 4.750010541637677
 3.685061584441229 3.421730364952216
 4.426399480162731 4.488793372978293
 3.323554614883153 3.228607807804441
 4.200573679043798 4.031104813663797
 4.094094477389126 5.414088219917799
 4.873603682659161 3.387430942224714
 4.439332083135831 5.347326257267486
 4.859040478775338 4.820897712362467
 2.940754837368279 5.507230632205864
 4.924226297233219 4.432762287013546
 4.541665432857942 4.283278314604181
 2.832046749876604 4.568553928341691
 5.440166082922169 3.640076930981987
 4.984516069629703 4.804833193235412
 3.598225911369868 4.783148972131977
 4.225141315411655 3.820007126968745
 3.448340393018391 4.813771312955188
 4.94008891056753 4.006693617734731
 3.353225718214138 4.248783330387531
 4.264486933774085 4.338973291306883
 5.508022481401573 4.1126570464252
 3.246020181869118 4.467240628847851
 4.435777558906099 4.489784621388107
 3.239997218166684 4.621042558501926
 2.782661876521151 4.767167689031413
 4.557277159596219 3.202014111107086
 4.643085457572807 2.726286201870574
 3.997973832010641 4.504649010743341
 3.854835154731028 4.915144512120633
 5.084982795688854 4.156538749036848
 4.679417780504711 3.926995416229573
 2.95958918621708 3.850121087411858
 4.776272729266197 3.398519256251125
 3.053850479273817 4.208091527453822
 4.118395105082613 4.586110201413726
 5.06236354538025 5.510020348444942
 3.894604565193567 4.250539596986618
 5.02006635126864 2.913798819447255
 5.37788932434654 4.675503160089962
 3.996610554405694 4.190479921752127
 4.973267739406207 4.415346581156254
 4.008280181467926 5.16426079043444
 4.139258127124865 4.129137546171244
 3.222404052156315 4.173563887221579
 3.631508025538296 3.55374900968998
 4.399936369778602 5.674329528988022
 4.447932085510208 3.607519565612197
 3.870599728627967 4.987518849498807
 6.33636791971639 3.14429874273786
 3.793716122430608 2.907364821579841
 4.470535270786569 4.333519541263029
 3.524909889556528 5.240461338838839
 3.170235828451454 4.181573807249472
 4.303410191331769 3.597986274374927
 4.262067693229345 4.001710003409647
 3.872327191937039 3.722642650867235
 4.228313070435677 4.81468743407904
 4.064707179400312 2.619463113486753
 3.765750499514839 4.738350426673981
 3.990351736756474 3.877103302152627
 2.625907255151802 3.667271209700675
 5.162160837715281 4.092319016722655
 3.677718698494298 3.781131782067576
 4.474574543765693 4.525581180974455
 2.628893046378542 5.376570564587537
 3.607870919243615 2.275860794054549
 3.842090758435993 4.876811952334221
 4.35907750970827 4.450213175183691
 2.870641841936114 4.541866878840189
 3.414836524582921 4.015866552535528
 1.951857212806191 4.762479872469331
 4.41252540076426 4.168599983640652
 3.484473421698866 3.464698785930797
 2.988880983752399 3.703663315303753
 4.977203067569722 4.473810078919256
 2.694338963592643 5.187633164127865
 3.211695928320682 2.367866134195123
 4.046146211514381 3.427565926696762
 3.1306850642444 3.927574553713832
 3.586427003363927 2.331018674900826
 5.240404389550821 4.377020469446066
 4.870154113973999 3.34786735787031
 3.785411789886792 3.11992328702311
 2.698812270250891 3.666462624528013
 4.329982584878717 2.816327045639431
 3.227324074467353 4.516270710659525
 4.179628923298631 3.335170597140592
 3.912286411200586 4.512571610703695
 3.986247475156243 4.125440629493495
 3.306832942402727 4.731519321669436
 3.867140075053951 4.617391025592656
 4.944813759549626 4.833055043764562
 4.372153741991432 4.839293201583362
 4.062040095544236 3.2130879421799
 4.035258444517317 3.861324191901392
 4.446265437294286 4.988266265749154
 4.722826907183534 3.628707367261958
 3.607184660515258 3.798520929661676
 3.601616912071879 2.943531746484775
 4.094548337729773 3.40380525897847
 4.550116952073841 4.969424638054893
 3.818219510663783 4.384224512181795
 4.477120095048704 4.100456866328506
 4.685383285952159 4.809246905216688
 3.112148364411789 4.066891559184994
 3.974393344532994 3.761744005710204
 4.14672995271601 3.664509229609971
 4.269959431882904 2.825176535142412
 4.388002285209064 4.310782921248392
 3.801159483409518 4.705500018940592
 3.365769996101614 4.53332055053591
 3.199192034685864 3.699365886286832
 2.992106543000183 4.111121116722436
 4.864423443051144 3.184191436773474
 3.83303633141964 3.137847897676985
 5.090267195748268 3.505007711962406
 4.452565722197302 3.831772796376256
 3.563970524498848 2.889650945461749
 3.024051565479882 4.176236825889287
 4.487777995781836 4.23412529894234
 3.70807637345955 3.484288735640812
 5.162618401654957 3.590707501250211
 3.359781026088654 3.590836844172385
 4.648294927230962 4.633070411493988
 3.100581992386099 3.622263021213801
 3.285478849262692 2.809640364022946
 4.679662979420426 1.640891766812572
 3.609170239946922 4.115680561315972
 3.49610400194814 3.860929550201026
 4.704166255033777 2.934992546663618
 3.522826935512823 4.751454853018961
 4.585643622899238 3.720378590584922
 3.224601994541963 3.557621169117699
 4.839231774588236 3.670254621185927
 3.697817503935245 3.785828301854966
 4.383163627855529 3.915346133137562
 5.186070196580529 4.92080245854857
 1.509069011172633 4.674835363165248
 3.715644590974843 4.216815426189393
 4.285387296018801 3.943971984159378
 5.179184801036516 4.177222560490201
 3.964116415136669 3.354507393041103
 3.412786190625087 3.698114249053952
 4.380034891112363 4.720832893728186
 4.439636706944095 4.472055294490809
 3.21654097994896 4.670160822888461
 4.726251755969539 4.301393237501193
 3.756766372791427 4.837015333887321
 3.463743898250791 3.66159395393632
 3.604382266923151 3.975850250422563
 5.209761885280729 5.494379035902949
 3.565538750793441 4.395823215532821
 4.763803815613809 2.8532208993565
 4.081213630469851 3.230168950722299
 3.320491796542084 4.553556029122074
 3.047809062344224 4.283393759501618
 4.839355878748604 4.462931407112473
 4.317768609132971 3.920963761478338
 3.919591351590054 4.053362704089097
 3.443945620701657 3.180324468589343
 3.578515509744576 3.068869366910936
 4.06045892369307 3.380977480400563
 4.889572316657206 4.374706821267623
 3.199535023838474 3.1287981884431
 3.963620306236773 4.585582592379824
 4.748461378925377 3.6575254322944
 3.339062315508753 3.613827392498406
 3.155688259060415 4.495651492639628
 4.212906453269399 2.689123355498672
 4.763760829584441 4.887061534563616
 4.428244804325576 4.551806816317081
 3.862606636980449 5.177851164896322
 3.964263272207824 4.204701350762853
 3.352380719628188 3.68947330081081
 4.102747481007777 5.173067732838515
 6.124501978970761 4.812403784467044
 3.716943822101584 4.56511474395396
 5.1056615841875 3.870976819452206
 3.036721552549593 5.17809662930524
 3.334961618904279 4.198962399145573
 4.483526741658117 4.082917752927718
 4.039758413981091 2.603438349258009
 3.80992189795701 3.70406857118029
 4.026037599172497 4.458631859101648
 2.902233579127331 4.937420351848234
 3.534026191445799 4.38993924208683
 4.227274334049571 3.973631963301865
 4.942397976496695 3.363550185531062
 3.435138454857988 4.07907433992379
 4.502125471098968 4.623219836477591
 4.086730305395413 4.018311504732844
 4.423620324399145 3.399056731208302
 3.589164060741498 4.821023122877797
 3.728207949125987 4.434110170390093
 3.376443775693927 4.771704672216396
 4.834340920154558 5.355121114755803
 3.002359453212083 4.886548442427556
 3.957925567004178 5.571052730630557
 3.208893598394646 2.738220694015434
 5.698543628131666 3.743789131422655
 4.439212544762722 4.193549208970091
 3.481632923302894 4.100690290584455
 4.394447043047427 3.823983433266077
 4.06201409989399 4.950310375608466
 4.037492962847259 3.625936415263219
 2.408544099043872 4.561193343034045
 3.491034844846041 4.901560073814429
 4.40257698643105 4.776391818000609
 3.771223673546657 3.285516044114122
 3.908045068323224 3.805308102199794
 3.475066579940316 4.018914709505167
 5.476923713383967 4.699582277650185
 4.559155273873753 4.501787205535559
 3.462896673621501 4.654233159623621
 3.053773110192149 2.979348035416074
 2.97696199209387 4.696223445907363
 4.600256049804848 3.052961118538105
 4.360752464486069 3.850910091236867
 4.508608805892934 4.058370513801554
 3.949028317043927 5.031704490121917
 3.584652310517714 3.860670377023625
 4.506132809470558 4.384080835598811
 2.708056336616192 4.13442231121535
 4.824750057727663 4.306892168755669
 2.307151747378501 3.604174683212769
 3.045230130460999 3.512027945346439
 3.012128845169318 2.953214761199818
 4.554625919431498 3.679700428610879
 2.957046133087749 4.894149128827613
 3.529312833236302 3.945841843267151
 4.120341278574151 3.923760374236123
 5.298943849942015 3.737359139774731
 3.730124192998983 2.555260947496434
 3.753445741136789 5.016200274791876
 5.304918969653834 2.956079577991573
 4.986312740724978 4.739429225419536
 3.047601446990368 3.900368281719417
 4.260708058123371 3.017693531985969
 2.952412932636973 2.963968887131057
 3.477877670403331 4.252725819062116
 3.848103287834099 3.469391342521025
 3.119650772969727 4.023152485245265
 3.436693752736186 4.98227115860802
 3.961467421995242 2.786665569962787
 3.950527012481953 5.303886290649708
 2.918054168590319 3.564588802189805
 4.356279434742939 3.711228780705857
 2.553890462572243 4.25771414430609
 3.915122827427001 4.239786938031208
 4.327946422588662 3.973482866510014
 3.292798437831583 4.764280596173175
 5.002941124053152 3.824106976530296
 4.306471593293476 3.88697227768367
 4.886552635038171 4.276251779520996
 4.3420164273573 4.520346456328984
 5.096639394479334 4.232896994442465
 3.302735491887877 3.165133155638256
 3.88696432658987 3.681753474423646
 3.63419899771238 4.723908178806417
 3.65770251701778 4.199055174889915
 4.947798400811843 4.584696939321134
 3.017695562289956 2.816283494498051
 5.014972276805558 3.969056023004493
 4.227474456877495 5.10046594471032
 3.705778015711514 3.194427480824691
 4.282698396978422 3.702251561314374
 3.553843314648343 5.404842293597917
 4.126402571457334 3.837858144272596
 3.96120575128783 3.102626572104729
 5.035097311809376 4.309336749412787
 3.339596588164663 3.305904892098733
 4.351323729603439 4.051055504373293
 3.961611586105683 3.841225060871445
 3.407180378546885 5.166669149413563
 4.14516890689965 4.40411675818048
 3.772792595964842 3.284941205476115
 3.318985101710897 4.032571780783246
 4.676201179463207 4.25475371620981
 3.556311440228428 4.590940217049677
 4.23973432522711 2.835150244094333
 3.763924207647188 4.491590352575892
 4.513433337625136 4.554985946359313
 5.526395583735694 3.548296236110128
 3.826556836988197 3.604866832729714
 3.709938401420976 3.154066225096416
 4.412034185519397 4.328224761965291
 3.152811906556706 5.203404890259703
 4.421863005210868 4.284439191679837
 3.674315396854259 2.266871537082507
 4.159737426035126 3.475435590891358
 4.22887397031194 3.538995658196894
 3.962311571493565 4.404652594510205
 4.114311776302062 4.678836255669019
 4.057147324290339 4.350997214175613
 4.028539747437909 3.374219339261245
 3.256448446097564 4.847265192108778
 5.642852976035169 3.99441277579327
 3.236168756746816 5.682863035984386
 4.466829219513251 2.892194709057494
 4.621810280584921 4.052811467641203
 3.698832974058023 3.152972634372066
 3.372388068087153 3.911919718240244
 4.17090120958198 4.717512835321605
 3.248257400388992 2.635112763765634
 4.512919166860692 4.032921871348988
 3.546291484383355 4.945910995437237
 4.196352764077591 3.722296472117407
 4.372068161545058 4.752915512572078
 3.120140644506298 2.568419105694803
 3.175778838424695 4.855624428568875
 4.263900581155538 4.002546841252325
 4.561508526535977 3.191448967911925
 3.03107869255704 4.313629511057139
 4.190913365254638 4.636789338731849
 4.696706679859135 4.16249903584902
 3.509915983488901 3.130909089173872
 4.736989200809901 2.224125231061551
 4.117647370518247 3.38320649046757
 4.031164053885283 5.546254459724437
 4.016952824470279 3.891432267848357
 3.742095971678236 3.40718475339748
 3.736409741940977 4.979543696951333
 4.008352734632499 3.645481525901038
 3.766741533682127 4.332652624134271
 2.886098076793175 4.298825008820994
 3.389388310090172 3.171655802092366
 4.253983352128559 4.345122590543544
 4.775721762051166 3.697248016277645
 4.555067188496196 3.351207003692604
 4.973243548779455 4.18343734104482
 4.992706341844852 3.602158332363624
 3.545729255301719 3.005613172229594
 3.948361218183211 3.74734771328876
 3.543533271085307 4.21963557737755
 3.706122013098033 4.594857049081737
 3.440327902081108 3.791282295633047
 2.935583187387028 3.962309528999912
 4.182826430803937 3.691759736896286
 3.768497081804259 3.052639856561365
 4.016302975834836 5.238833430006986
 4.413688025579741 3.549362284746417
 3.627204957070129 3.625523097856942
 3.802806836093933 3.315572360435199
 4.740428440369006 3.18795404345737
 3.417847262708067 4.151144303098693
 4.429818726722255 4.247364650414934
 3.780014343661825 4.105895597122566
 3.225549399906238 5.305490595250685
 4.188611084469366 2.734923551740224
 3.6264000388878 3.264782805480675
 4.303937031400013 3.896512377666984
 3.376432453614102 4.346288660089805
 3.43675657793995 4.395352840297122
 5.386750908761009 3.528629712341352
 4.54649258138957 3.451753124118589
 4.660533167415092 4.212299668235989
 3.708206799398638 2.862396220930622
 2.816792744528687 3.516910537297732
 4.738407949050838 3.404855009015552
 3.647156685846885 3.927027529149026
 3.937162127527317 4.533810383376293
 3.657054966426682 3.904071240751914
 3.166857290229429 3.217018056176688
 3.54855537972925 5.466829295427008
 4.090634820413925 3.887591239725219
 3.851838979216526 4.219932678205104
 4.571537483594621 4.575107927628772
 4.433358176931583 4.640050534058248
 4.284526022354912 2.81469967194417
 4.629021668634745 4.750437944729516
 4.006065637788719 4.295665597079665
 4.467609154919272 4.469699992217572
 5.053210016159534 3.662221729791547
 4.32698625694476 2.788669997220713
 5.338543824102535 4.909365111208343
 2.301309471861113 3.804684256346295
 4.534763070403153 2.296174228377799
 4.717293332264995 3.51421886715444
 4.018919292405306 4.815570216430306
 3.868773584081927 3.99377061094581
 4.288239721206915 3.824475417085488
 4.676319640921702 4.026722827994877
 4.388761535556648 4.697719755128247
 3.063517784116242 3.877434226742292
 3.378871879769031 5.035683127393899
 4.228274030542363 4.690946201940931
 3.898864560901459 4.394830927359245
 5.105389295357725 3.742491741532565
 4.229482584124967 4.973397758415492
 4.393163913956028 3.047362879585712
 4.395727295828945 5.537139643097356
 4.2059303145825 5.713794187427733
 4.338558456297244 5.361005145521717
 3.662937638370567 3.41423592298802
 3.995532692182532 3.976882403561495
 3.285234623046976 3.90786352461895
 5.15773106804466 4.995972940861151
 4.567890247748048 4.973739613590459
 4.227132989703073 6.207323503014629
 3.91619591784299 4.673325048654631
 4.645000622726557 4.209365754541862
 4.119904988905421 3.475020744328703
 4.072676547859864 3.4629223320738
 3.663010349351508 4.409762595998044
 3.965875406044248 4.314646966548288
 3.719407923564817 5.303583309992646
 3.735671547310143 3.177478967161906
 3.768887523651975 3.808467662680893
 4.130034872070106 3.327780787648602
 4.021255887349893 5.00126119010381
 4.094335788379949 3.920899735048905
 2.860847172935093 4.124217603618614
 3.974425851599192 4.428471020841316
 4.830979058881673 3.884467554826541
 2.885831540486073 5.592768263569099
 3.496477248907633 3.297543587504008
 3.084288393340642 4.809723607478322
 5.034078611999391 4.125079765473357
 3.715921607704935 3.817034963436427
 3.810025489312363 4.574414483464206
 4.925795482039256 3.812572228481231
 3.757207747294212 3.749225719405882
 4.330187503092693 3.230707153849331
 5.064566465181635 5.215039258128319
 3.950645689385926 2.834066712526545
 3.982801005229188 4.35243369105418
 4.187825824965286 3.342881426364643
 2.500904853484776 4.210119234108242
 2.894444956560452 3.158035129895138
 3.904662826907452 3.474035327535788
 3.88943993173776 5.340020064162598
 3.994579514955982 4.062871772780918
 3.414489819791584 4.606503345793401
 3.616488327740305 3.987589766152833
 4.094471491909944 4.286275652357341
 5.099689170480994 2.707980519444827
 3.454470078359432 3.61055341029191
 2.78557611585293 4.105642773980581
 4.559814669592281 3.636322447401772
 4.63623779484962 4.772974258675259
 3.627652755921404 4.953845305356951
 2.994382518442103 2.60015815614663
 3.54099365834137 3.41801031182646
 4.883498706478778 3.741892671290608
 4.468399238100703 3.23583628513048
 3.812416759788451 3.865408209625208
 3.147324112224581 3.436525197713507
 4.387031466778305 3.278552020250357
 4.003295268032234 4.374883310369349
 3.879948526340937 3.772238393489418
 2.710247624651489 6.352959678884277
 4.032671411898351 2.988896878213839
 2.82456789335595 3.991613791584248
 4.463064060877165 3.817056715727635
 3.460715192997244 3.620233123328784
 5.073166651760047 5.740630855223663
 4.007230367626824 4.408389932993149
 2.805533642725047 3.665410773789355
 3.712243420945717 3.48453067415027
 4.488237558172658 3.807647829154245
 4.617460517103544 3.532604261295343
 5.521313390190827 4.126597229350161
 4.54141342853287 4.438282497898093
 3.996401922704214 4.036482160715861
 3.719308709887053 4.261787057301238
 5.743081066937957 5.056210286407079
 4.626403846942294 4.343947385077022
 3.086729209781478 4.67144951694493
 3.892560533961032 4.181209149521021
 4.404787527163228 3.071132112830901
 2.601354310687702 4.815132490040043
 4.257303661403347 2.025637751269325
 4.591466551714897 3.713926595922155
 3.031023059717798 2.605126367103771
 5.430319494137624 4.392417429997878
 4.177657357459366 4.902650790642106
 2.896178060489727 3.972729039128913
 4.425581577502597 3.816178322377712
 3.838740715750553 2.96797302388404
 4.148076092776516 4.403776432283221
 4.234941202039502 3.752399295518351
 5.351395081315406 3.312526739764615
 4.753793041893846 3.62016279901544
 4.566539912462355 4.805338081201402
 4.029668247618028 4.060408637382039
 3.874806831140312 4.148952811011794
 3.437299290682283 4.780759356083674
 4.316551545984555 3.773644040907872
 4.027806495677223 4.433139876790507
 4.769305049305631 5.013817134542883
 4.228975084341921 3.509879624202521
 3.533348145000379 4.168695806789112
 4.144789346258318 5.711408645403582
 3.726244441416349 4.785075936250456
 3.657447860674946 4.943692015223226
 4.239372017472902 3.912133004148179
 4.335223847611477 3.866763058568133
 3.968262581222589 3.318708146045287
 5.063102075040703 3.835777967467971
 3.194008963048749 4.302340202408206
 3.99523330209541 3.291164909058001
 4.553376317183972 3.442623654761428
 4.325041452664804 4.656692246244776
 4.581545692032637 3.629514281325807
 3.667215833429621 3.147617220126102
 4.111498033080298 3.091571922750864
 4.367353907545268 3.857696580565013
 4.545666726341436 3.806989158804839
 3.500178750620018 4.207592808435525
 4.396018634683324 3.493578959820939
 3.580865541969477 5.392117401711465
 5.769419585753038 3.544123776339123
 4.490030332513228 3.010596382903396
 4.92238078799793 5.79710443430584
 4.051079368640303 4.194355779040597
 4.074276259899681 4.866142651594203
 3.469795300016197 4.333910625231348
 4.046443543618668 4.887868554927912
 3.862341425955406 3.401694509309267
 3.544682796979265 4.530022205967852
 4.379444988015184 4.452158621605967
 2.741594371389211 5.064539952673587
 2.95983501052649 3.975092089493374
 3.514612008604756 3.933163028275282
 3.608994976661299 3.896917447212161
 3.791365245175374 4.538339242276526
 3.721439600561224 3.928389360653041
 4.189355455970446 4.051968357503063
 4.771886546234359 3.660299051123367
 5.157339353714432 3.243570310126692
 4.249472236105249 2.955361547569898
 3.856204426969827 3.93420292019016
 3.930223834107029 4.205967040494555
 3.91140579277384 2.897828123911681
 3.961531730838612 4.601515353296506
 4.732476401329537 3.932694817779325
 3.894350968417708 3.657372185388938
 2.658475907153525 4.51533358075979
 5.306274663097766 4.084612052437199
 3.739813455569406 3.550622264433445
 3.970903878393074 4.418024065506666
 2.80463513149911 4.093892519553886
 4.494889739772388 4.076347038144343
 3.397075783421839 3.675178228882306
 5.382211496433751 5.242623302377452
