-0.169513 -0.24397
-1.462618 -1.333294
0.769671 0.849244
0.252315 0.56051
0.078094 0.453757
-0.397251 0.041922
0.42949 0.415679
0.729293 0.945137
0.156166 -0.430953
-1.480465 -1.547486
0.664539 0.588856
-0.182888 0.035502
0.823293 1.04636
0.839631 0.697558
0.256394 -0.124201
-0.528268 -0.674152
-0.046091 0.18493
0.944731 0.812498
-0.076291 -0.079195
-0.329305 -0.422689
-0.591358 -0.5536
0.338881 0.112962
-1.739437 -2.014993
-1.776949 -1.824697
-0.594297 -0.926489
-0.2375 0.29589
0.41392 0.579319
-0.455612 -0.357233
-1.613086 -1.344178
-0.985478 -1.108479
-0.670629 -0.29698
-1.753323 -1.598156
-1.395063 -1.151492
-1.222545 -1.589214
0.625991 0.689018
-0.022993 -0.601036
0.745527 1.077268
0.320976 -0.365858
-1.111081 -1.273695
-0.302128 -0.755737
0.269191 0.287541
-1.021698 -1.235332
0.472411 0.2384
0.430935 0.806648
-0.537755 -0.666253
0.201209 0.320279
-2.209405 -2.148982
-0.671298 -0.867265
0.239555 0.796344
-0.792838 -0.436925
-0.079728 0.087098
-0.849272 -0.550041
-0.350384 -0.444174
0.358391 0.399345
0.204474 0.159198
-0.182294 0.205905
0.636784 0.269894
-0.953005 -0.462903
-0.441774 -0.295062
-1.189463 -1.125899
-0.906989 -0.755295
-1.386125 -0.968782
-0.721023 -0.285133
-0.196689 -0.357128
1.177415 1.262282
0.427788 0.915815
0.899543 0.021783
0.191516 -0.146508
-0.758653 -1.380902
0.608013 0.409494
-1.014981 -1.182353
-0.266341 -0.506297
1.022983 0.551011
0.849844 0.565627
0.285668 0.527447
0.589876 0.809782
0.734111 0.561592
-0.305723 -0.179397
0.72481 0.095715
0.353037 0.136035
-0.30542 -0.550241
-0.061641 0.069992
-0.147523 -0.762966
-0.04806 0.343324
-1.053058 -1.072101
-2.554923 -2.583247
0.124138 -0.502862
-0.621877 -0.721744
0.614224 -0.051647
0.134562 0.215906
-1.062019 -1.367463
-0.367921 -0.598094
-0.768475 0.178776
0.231038 1.010947
0.35498 0.859498
0.091605 -0.244886
0.473135 -0.018986
-0.353642 -0.716109
-0.737246 -1.068969
-0.377424 -0.857221
-0.05066 -0.21711
-0.910405 -1.429968
-0.274707 -0.212263
0.163569 -0.170265
-1.46679 -1.429536
-0.469016 -0.545125
-1.986049 -2.127071
-0.685161 -0.481701
-0.5044 -0.502638
-1.989978 -1.613008
-0.211165 -0.782657
-1.508752 -1.85052
0.708306 0.551032
0.944427 0.645361
-0.326024 -0.481145
0.792248 0.069643
-1.41676 -1.22019
0.806616 0.684364
-0.484636 -0.8832
-0.263262 -0.583653
-0.998916 -1.440476
-0.703281 -1.131767
-0.555413 -0.958267
-0.607875 -1.227736
-0.016585 0.196943
-1.503656 -2.14456
0.225847 0.351516
0.64036 0.310563
-0.530223 -0.640602
0.34571 0.507978
0.756767 0.467117
0.272663 -0.063323
0.397533 0.270256
0.54265 0.713571
-0.348192 -0.123331
-1.392633 -1.708259
-0.002 0.256775
-0.29563 -0.138727
0.122527 0.170151
-0.262948 -0.406521
0.939079 0.666956
-0.987872 -0.30727
-0.255756 -0.121689
0.786887 0.846545
-0.576323 -0.714787
-0.630873 -0.838475
-1.015506 -0.938342
0.022551 -0.473878
-0.099045 -0.475323
0.642296 1.284842
0.005235 -0.43567
-0.933126 -1.18226
-0.233936 -0.250617
-0.566935 -0.643484
0.35077 -0.29957
-2.221549 -1.736306
0.505146 0.676755
0.062271 -0.366044
-1.42041 -1.166614
-0.926322 -0.796303
-0.121078 -0.314084
-1.116764 -0.780922
-0.715835 -0.096026
-0.666891 -0.615487
0.775433 1.07832
-0.775193 -0.375893
-1.0469 -0.946136
-2.122847 -2.34787
-1.323138 -1.148916
1.043255 0.884345
0.884435 0.497691
0.460647 0.111828
0.417472 0.230192
-1.29243 -0.773013
-2.337925 -2.055323
-0.890062 -0.52774
0.160602 -0.120457
0.253236 0.004857
0.985491 0.971708
1.053202 0.236696
-0.385341 0.23859
0.053233 -0.138308
-0.801738 -0.83896
-1.119565 -1.168743
-2.474904 -2.303872
-0.695022 -0.920898
1.120331 0.874994
-0.625178 -0.791094
-0.35669 -1.013643
-0.673331 -0.403209
-0.032747 -0.261643
0.209941 0.482897
-1.019407 -1.467897
-0.328224 -0.136408
-0.667771 -0.689108
0.399744 0.16212
-0.869045 -0.759863
0.187777 0.018864
-1.473431 -1.577751
-1.127629 -1.551648
0.186992 0.592716
-0.144672 0.206945
0.316162 0.246654
-0.184577 -0.259917
0.739708 0.642682
0.587801 1.105052
0.411833 -0.09932
-0.191598 0.039524
-0.397008 -0.000676
-1.334292 -1.269161
0.296373 -0.172894
-1.374652 -2.084223
0.053045 -0.277425
0.24269 0.919991
-1.017468 -0.733344
0.378736 0.343843
-1.96738 -1.987451
-0.163568 -0.312384
-2.160543 -2.537075
-1.746799 -1.2033
0.59302 0.894106
-1.828762 -1.697046
0.293013 -0.111877
-0.739712 -0.423072
0.037179 -0.100798
-1.993755 -1.31701
0.989595 0.220485
0.338604 -0.025386
0.078998 0.23628
-0.35305 -0.166191
-0.003759 0.118118
-1.255153 -1.332178
0.188647 -0.218089
-0.01813 0.13394
-0.044873 0.401598
0.303473 0.480134
0.54113 0.565313
-1.862807 -1.526727
-0.654008 0.001444
1.019646 1.141357
-0.940131 -1.165771
0.607328 0.49271
0.693688 0.525735
0.635179 1.122877
-1.251271 -1.11276
-1.537782 -1.932529
-1.348341 -1.067376
1.016816 0.576337
0.122504 -0.115898
0.573193 0.708433
-0.177644 -0.01794
1.040738 1.035085
0.49134 0.256124
-0.708482 -0.397262
-0.657486 -0.776915
-0.234841 0.141801
-0.451789 -0.367805
-1.237853 -0.991158
-0.739648 -0.602348
0.112569 -0.304399
0.282108 0.252408
-0.975263 -1.181772
1.006358 0.511154
-1.091898 -1.631381
-0.274246 0.081864
-2.66294 -2.832594
-1.311596 -0.951636
0.170781 -0.066042
-0.84723 -0.74242
0.800802 0.956278
-0.524731 -0.241121
-0.779262 -0.985005
-1.593202 -1.677633
-0.863641 -0.818036
0.77176 1.117794
-1.681602 -1.783595
-0.286078 -0.840319
0.494846 0.177611
-0.04598 -0.090293
0.033562 -0.205769
-1.019408 -0.613008
-1.181646 -0.572209
-0.862557 -0.761458
0.308016 0.244693
-0.268191 -0.268986
-0.531009 -1.2611
0.535483 0.754891
-0.752512 -1.408794
-0.966234 -0.8126
0.761721 0.914847
-0.257163 -0.079959
-0.423451 -0.189127
-0.24095 -0.163155
0.385121 0.426106
-1.930897 -2.059878
-0.78374 -0.643001
-0.276995 -0.018013
-0.63394 -0.276644
0.963112 1.36543
-0.679369 -0.91037
0.368226 0.107002
-0.141111 -0.116934
-3.665696 -3.909369
0.050349 -0.280775
1.04899 0.992961
0.591216 0.605215
1.165228 0.726488
-0.113181 -0.022929
0.58949 0.093244
-0.532872 -0.200563
-0.062585 0.359984
0.263743 -0.264521
-1.709888 -1.406294
0.334424 0.378423
-1.811256 -1.67056
-0.253071 -0.939544
0.879487 0.027984
0.505492 0.398657
0.578615 0.58043
-0.633251 -0.048245
-1.528128 -1.927964
-0.134329 -0.865132
-1.492221 -1.484912
0.807271 1.333718
0.828615 0.103195
0.043906 -0.127977
0.195183 0.012728
-1.046422 -0.771703
-0.892317 -0.711155
-1.305654 -1.312368
0.414085 0.352607
0.940472 0.811664
-0.967422 -1.584257
-1.023084 -1.126368
0.41987 -0.017994
-0.50101 -0.50876
0.548898 0.083365
1.080506 0.19123
1.190203 1.198439
0.902268 0.763235
-0.502204 -0.570948
-1.365824 -0.671761
-0.454798 -0.409972
0.878127 0.924322
0.955883 1.387777
-1.610671 -1.697301
-1.516662 -2.190994
-0.043886 0.393976
-0.63329 -0.890963
0.079181 0.214384
0.017669 -0.14739
-1.043122 -0.881192
-0.655087 -0.929406
-1.118106 -1.438461
1.106773 0.858656
-0.755965 -0.603485
0.219985 0.205245
-1.70101 -1.947197
0.204971 0.465893
-0.178946 -0.04614
-1.173113 -1.367627
-0.011891 -0.168972
0.163673 0.58189
-0.679272 -0.897629
0.191086 0.108351
-0.468847 -0.053665
-1.475533 -1.270724
-0.433158 -0.397562
0.629274 0.774093
0.634469 0.467013
-0.195202 -0.528646
0.049706 0.162886
0.947607 1.816175
0.442212 0.483075
0.360109 0.628475
0.351758 0.366807
-0.885835 -0.404831
0.470919 0.201922
0.272543 0.259916
-0.848247 -0.517815
0.586907 0.825503
-0.268811 -0.336941
-0.247913 -0.161601
-1.230733 -1.410396
-0.285124 -0.243581
-0.7894 -0.735816
-0.187791 -0.307336
0.875648 0.563387
-1.620615 -2.036841
-0.038093 0.507117
-0.418261 -0.865379
1.187483 1.492555
0.586978 0.41087
-1.066095 -1.122648
-0.315242 -0.97551
0.301513 -0.021302
-1.576246 -1.681196
-0.790076 -1.283193
1.090376 1.175852
-0.107932 -0.911406
-0.699987 -0.28153
-1.531216 -1.15388
0.096961 0.216415
0.029899 -0.263089
-0.646451 -0.70281
-0.336979 -0.380346
0.075934 0.100334
0.270286 0.411257
0.2044 0.373714
0.762422 1.175573
-0.012594 -0.093094
-0.053884 0.112369
0.829635 0.38055
1.128922 1.204373
0.607617 0.956486
-0.108676 -0.398364
-0.257717 -0.407262
-0.128906 0.353143
0.382598 0.264187
0.166003 0.484958
0.107068 -0.21814
-0.865994 -0.33212
0.28375 0.157829
0.066545 -0.335599
0.039433 -0.190078
-0.710463 -0.285516
-0.688024 -0.044234
-0.666205 -0.535584
-1.287049 -0.879816
-0.135301 -0.387815
-0.448555 -1.388101
1.103516 -1.029049
-0.756806 1.060953
-0.975848 0.545264
0.696808 -0.176425
0.810627 -0.260099
0.771715 -0.522658
-0.756503 0.824881
0.086548 0.284879
-0.281356 0.308606
0.37736 -0.447317
0.783809 -0.839527
-2.027812 1.858726
-0.368225 0.992787
-0.520078 0.428066
-1.347035 1.091373
-1.704787 1.982651
-0.214149 -0.144841
-1.485666 1.11324
-0.711985 0.597479
-0.464987 0.635584
0.648025 -0.332394
0.856213 -0.858532
0.070599 0.38324
-1.660696 1.632717
0.636451 -0.461413
-0.951859 1.158815
-0.585419 0.37041
-2.537806 1.926895
0.689566 -0.910865
-0.610932 -0.050801
0.056299 -0.50318
-0.57843 0.097135
-0.657217 0.919616
-1.641505 1.573707
0.434862 -0.286703
0.987387 -1.302349
-0.277097 0.872289
-1.125307 1.020448
-0.380926 -0.021427
0.036994 -0.132995
-2.110029 2.10828
1.026091 -0.871404
-1.496563 1.736491
0.245922 -0.305477
0.392825 -0.29635
-1.732878 1.306456
-1.240268 1.049814
-1.061416 1.084844
-0.133904 -0.444286
0.921711 -0.801079
0.43736 -0.453798
-0.111796 0.204694
0.380969 -0.085758
0.516592 -0.077132
-0.478852 0.044973
0.189049 -0.060512
-2.310239 2.635605
-1.388155 1.900826
-0.963437 0.839385
-0.603353 1.042212
0.741199 -0.96001
0.002627 0.621815
-1.659676 1.668901
-1.256668 1.633277
1.023676 -0.905847
0.472306 -0.831737
-0.122007 -0.220578
1.066083 -1.165569
0.067099 -0.478188
-3.061552 3.851513
-0.590805 0.592628
-0.5083 0.057857
-0.255212 0.264752
0.510395 -0.265752
0.31793 -0.149756
-1.051729 1.592713
0.738105 -0.173213
-1.664976 1.399351
-0.679909 0.577444
-2.38607 2.401737
-0.559493 1.046941
0.948174 -1.376493
-0.040954 -0.383261
0.043056 0.138424
-1.499239 1.410596
-1.087415 0.798739
-2.057715 1.696042
-1.263716 1.151601
0.625472 -0.653344
0.058667 -0.048824
-1.006862 1.177127
-0.325643 -0.074673
-1.003815 1.531229
0.265782 0.07644
-0.95915 0.789836
0.526092 -0.788235
0.289328 0.491329
-0.928987 1.50512
-0.508743 -0.038128
0.929446 -0.838569
-0.89722 1.09068
0.619267 -0.704902
-0.903178 0.58496
0.405761 -0.019167
0.183055 -0.380266
-0.964722 1.068071
0.510462 -1.037011
-0.481475 0.615552
-1.783811 2.051126
-0.007466 0.348429
0.201314 -0.080247
-1.993166 1.444197
-0.126886 -0.011128
0.119117 0.460156
-1.315048 1.077706
0.545324 -0.639146
-0.896318 1.030859
-0.339806 0.743384
-0.467347 0.222297
0.643963 -0.42177
1.113369 -1.326473
-0.5476 0.526414
0.381715 -0.401654
-0.272282 0.144786
-0.561576 0.871073
-0.333941 -0.070463
-0.173979 0.700989
0.346128 0.082157
-0.103627 0.146487
-0.114217 0.42257
0.489911 -0.123531
-0.66963 1.148966
-1.446725 1.394487
0.4577 -0.690819
0.733755 -0.941779
-0.195252 0.669018
-0.990506 1.638425
1.004597 -0.869738
0.067625 0.287468
0.877109 -0.157541
1.122819 -1.110897
-1.520391 1.158645
-0.502119 0.610509
-0.780199 1.465099
-0.216346 0.132334
0.203756 0.048468
0.127149 0.018039
0.594952 0.010944
0.219063 0.381864
-2.062063 1.926477
1.144401 -0.508066
-1.443004 0.917732
-1.215196 0.943866
0.279178 0.004785
0.798393 -0.576638
-0.153038 0.275408
0.253878 0.071588
0.501091 0.095703
-0.418225 0.370281
-0.71653 1.267299
-1.02562 0.984506
0.303446 -0.291427
-0.042042 0.148921
-0.903754 0.381784
-1.057451 0.642733
-0.675898 0.978099
-0.192206 -0.259271
-0.243791 -0.00392
-0.669927 1.040146
-0.801596 1.144224
1.009038 -0.681625
0.382034 0.076132
-0.565949 0.636382
-0.321386 -0.020261
-2.257631 2.517655
0.091028 -0.030306
0.21732 -0.528494
0.366509 -0.103771
0.778098 -0.990139
-1.651498 1.509063
-0.161727 0.592875
0.465896 -0.496956
-0.550932 0.662436
1.077669 -1.132181
-1.007093 0.782341
0.763822 -0.355402
-0.507652 0.872013
0.488425 -0.172344
-0.126243 -0.183123
1.198176 -1.531164
-0.072789 0.024753
-0.750332 1.099601
-0.824433 0.569863
-1.794286 1.777968
-1.677213 1.765818
-0.43798 0.900387
0.129257 -0.400282
0.051551 -0.225876
0.215813 -0.30536
0.212362 0.103517
-1.366709 1.677193
-0.802472 0.651754
-1.556447 0.944354
-0.057489 0.092346
-0.543196 -0.108019
-0.962856 0.757454
0.59089 -1.116148
-0.520158 0.547789
-0.0824 -0.061945
-0.996062 1.198876
-0.753413 -0.116795
-0.330372 0.627528
0.023465 -0.406911
-0.296191 -0.171845
-2.17562 2.296622
-2.13639 2.556899
-0.875045 0.60702
-0.312247 0.455653
-2.716779 2.774191
-0.003875 0.196409
0.098788 -0.089262
0.421129 -0.228718
-0.962565 0.688427
1.181673 -1.492543
0.012377 -0.808539
-1.396966 0.918513
-0.974629 0.927107
-0.213436 0.160775
-0.57222 0.712484
0.548375 -0.135725
-0.82983 0.516689
0.810982 -1.390643
0.223641 -0.290212
-1.119466 1.079995
-0.567062 0.772592
-0.424907 0.508276
-2.383168 2.331112
0.065944 0.319988
0.498997 -0.78545
0.417831 -0.352036
-1.841798 1.952818
-0.028479 0.12617
-0.575904 0.341622
0.250856 -0.119031
-1.46501 0.961856
-0.143903 0.214206
-0.657046 1.33081
-1.281277 1.075357
0.578651 -0.621566
-0.099219 -0.264287
-1.176714 1.356502
-0.910759 0.148165
0.022037 0.303651
0.806786 -0.366942
-0.79563 0.370799
0.996162 -0.575488
0.455496 -0.000478
0.853289 -0.897317
-0.011331 -0.032112
-0.841194 1.073833
0.008839 -0.038606
-0.147112 0.428824
0.447464 -0.600881
1.053916 -1.230478
-0.027337 0.488337
-1.352068 1.700832
-0.073308 -0.218712
-1.162251 1.636383
0.187887 -0.545766
-0.250446 0.401145
-0.772519 1.329615
-0.402893 0.699856
-0.564961 0.604101
0.75529 -1.063837
0.321439 -0.62956
-0.795949 0.55483
-2.387675 1.990844
-0.180708 0.238299
-0.487768 0.17529
-0.740494 1.056016
0.621871 -0.825219
-1.4995 1.217867
-0.390315 0.219081
-0.332891 0.962513
-0.131704 0.315673
-1.640417 1.709605
-1.057636 0.659141
1.024478 -0.852449
-0.153239 0.078505
1.164641 -0.787343
0.355589 -0.222219
0.260958 0.26936
-0.114526 0.634071
1.009185 -1.166034
-2.566477 1.753358
-0.63345 0.091873
0.290265 0.116969
-0.804806 0.710135
-0.800029 0.719299
-0.384754 0.381811
0.472591 -1.276013
-0.426514 0.18245
-1.654866 1.662799
-2.043429 2.289719
0.185216 0.294869
0.776919 -0.281091
0.416138 0.087617
0.276485 -0.665769
0.737841 -0.939539
0.88754 -1.132606
0.65677 -0.428367
-1.600471 1.906975
-0.063276 -0.382322
1.182248 -1.283617
0.083019 0.674432
-1.160259 0.603942
0.748874 0.171569
-0.897764 0.461577
-1.030857 1.074553
-0.075177 0.330236
0.386442 -0.815815
-0.485293 0.001716
0.298869 -0.069559
0.246622 -0.384577
-0.660081 0.188124
0.107396 -0.221718
-0.327314 0.328952
-0.547845 1.239886
-1.58957 1.256673
-0.100672 -0.101235
-0.371515 0.46515
0.25935 -0.550914
0.267753 0.041705
0.920081 -0.3631
0.349516 -0.198321
-1.383737 1.602325
0.962032 -1.262776
-1.867985 1.551134
0.05729 0.202955
0.054442 0.039398
-0.598067 0.675331
-0.267709 0.10516
-1.543841 1.376044
0.063464 -0.405318
0.657206 -0.707292
-0.117376 -0.319931
0.73244 -1.40102
-0.439028 0.81926
0.66771 -0.979588
0.737877 -1.528272
0.535808 -0.5825
0.432501 -0.175139
-0.389171 0.406871
-0.662883 0.296826
0.274283 -0.4805
0.274616 -0.441423
-0.084305 -0.142663
0.102254 -0.149788
-1.049458 1.187687
-0.947083 0.899998
-1.411162 1.329046
-1.760538 1.301708
0.898997 -0.854535
-2.639306 2.588163
-0.187675 -0.117825
1.070648 -0.979797
0.238263 -0.243751
-2.274791 1.841558
0.836312 -0.537611
-1.336148 0.947007
1.123553 -1.369468
0.88367 -0.847145
-0.662092 0.076001
-1.839356 1.88991
0.606149 -0.460119
0.11404 -0.22209
-0.456221 0.540474
-1.251923 1.782238
0.734494 -1.116504
-0.647817 0.2998
0.795341 -0.768832
1.103726 -1.274302
0.732056 -0.473954
-0.971946 0.598975
-0.952411 1.342977
0.523463 -0.810849
-0.695948 0.727559
0.29701 -0.662061
-0.15513 0.098193
-0.885413 0.53104
0.888019 -1.649839
-0.076884 -0.111794
0.831881 -0.280967
-1.161483 1.078244
-0.691757 0.674129
1.014955 -1.413011
-1.692889 1.29256
-0.741874 1.303519
0.325385 0.026542
-0.031434 -0.61685
-1.287755 1.209211
-2.256698 2.198133
-0.934242 0.834182
0.770982 -0.284816
0.449046 -0.414287
-1.434181 1.632406
1.038217 -0.57677
-1.512506 1.545157
-0.822235 0.927705
-0.107162 0.916835
-0.28928 0.052545
0.840988 -0.491677
-0.07488 0.272084
-0.69169 0.698824
-1.506329 1.210744
-1.127723 1.032879
-0.476183 0.817059
0.890813 -1.071393
-0.190476 0.207512
-0.217516 -0.290404
-2.890588 2.662354
-1.303983 0.944479
0.336405 -0.191949
-1.924479 1.625446
-0.359269 0.117875
-0.515606 0.468775
0.299749 -0.413927
-1.376366 1.295507
-0.594962 0.305604
0.097704 -0.028627
-0.358241 0.511561
0.489615 -0.715399
1.21743 -0.56799
-1.212089 1.247519
0.306134 -0.152084
-0.41977 0.112166
-0.493455 0.384125
1.070719 -0.417052
-0.998506 0.911612
0.053898 -0.464294
-1.930402 1.830925
0.705268 -0.457967
0.328652 -0.356666
0.686944 -0.608315
-0.488786 0.417523
0.98681 -0.942877
0.493246 -0.62266
1.016521 -0.778309
0.171845 -0.648496
0.487819 -0.188349
-0.741335 0.755249
0.443315 -0.415375
0.658687 -0.798334
-0.778032 0.99667
0.361556 -0.02144
0.194166 -0.20564
-0.361447 0.656828
1.197475 -1.550106
1.245458 0.432252
1.140879 0.618898
1.246376 0.214902
1.244951 -0.888542
1.165378 0.258838
1.085916 -0.268067
