3.6 7.9
3.333 7.4
4.533 8.5
4.7 8.8
3.6 8.5
4.35 8.5
3.917 8.4
4.2 7.8
4.7 8.3
4.8 8.4
4.25 7.9
3.45 7.8
4.533 7.4
3.6 8.3
4.083 7.6
3.85 7.8
4.433 7.9
4.3 7.3
4.467 7.7
4.033 8.0
3.833 7.4
4.833 8.0
4.783 9.0
4.35 8.0
4.567 8.4
4.533 7.3
3.317 8.3
4.633 8.2
4.8 7.5
4.716 9.0
4.833 8.0
4.883 8.3
3.717 7.1
4.567 7.7
4.317 8.1
4.5 8.4
4.8 8.2
4.4 9.2
4.167 7.8
4.7 7.8
4.7 7.3
4.033 8.2
4.5 7.9
4.0 7.1
5.067 7.6
4.567 7.8
3.883 7.6
3.6 8.3
4.133 7.5
4.333 8.2
4.1 7.0
4.067 7.3
4.933 8.8
3.95 7.6
4.517 8.0
4.0 8.6
4.333 9.0
4.817 7.8
4.3 7.2
4.667 8.4
3.75 7.5
4.9 8.2
