1.5091261581 2.16313130504
2.09577764168 2.25845849664
2.28549443048 2.37511087045
2.53168344521 1.90336594474
1.70225944759 1.67052203924
2.04535269025 1.67907339897
1.97971410489 2.08126336086
1.63627012085 2.25372139494
1.9021600737 2.33396650674
1.70471367571 1.9751177831
2.20396465905 1.96141612192
1.51721221215 1.80125874038
1.16545633289 2.38961188475
1.64306994962 2.20461495343
2.07992484568 2.03925129762
1.43834284034 2.09164617288
2.35812336348 1.60971318147
2.01218299412 1.92541096155
2.05488775019 1.85833954098
1.56097264812 1.41686045915
2.32550944755 2.19043595847
1.76117556307 1.55448238274
1.32559622846 2.08230221897
2.08981045134 2.11157352159
2.3878777399 2.03060576048
2.3559750629 1.77397582875
2.52276023832 2.20122958681
1.94739904024 1.61029077531
1.51015484179 2.25611179441
2.26902059851 1.79242841816
2.78383786294 2.06303075344
2.08921634646 2.15421106332
1.36793921478 2.11029035107
2.34275785079 1.74102220679
1.77758188283 1.81061577142
2.05801595433 2.43712546894
2.0789258237 1.52510467208
2.25625803575 1.7934026341
2.19502946066 1.50729593194
2.05093233513 2.15188694158
1.66177617554 1.9414900435
1.58664640939 1.81292379376
2.04105092501 1.65409438838
2.11262377245 2.07617734189
1.89597523389 2.15717063892
1.83739800971 1.41286219046
2.15907460147 2.09057196132
1.80107755447 1.94626714281
2.12195120799 2.12443935247
2.06924309184 2.09463908514
2.12001860008 2.46042573534
2.22325287861 2.19189955482
2.02514639647 2.13969813613
1.72650374392 1.74684344608
2.32159958337 1.9057729126
1.92453843117 2.36737316194
2.00367586409 1.88476387091
2.42841911835 2.49110429019
1.92300085725 1.58371930081
1.91915860787 1.9360792619
2.31416037677 1.87946736326
1.64998457068 2.22708201158
2.13173919685 2.3169874013
1.7519420881 1.90883068449
2.29911649427 2.70906810463
1.78801870477 2.11151360555
2.20030849538 1.9045824069
1.95187200696 1.42346485296
2.22232834219 2.54617050132
2.01833473684 2.15007809997
2.04199401546 2.03621334691
2.04557555687 1.73994457482
1.62269486771 2.1062334657
2.48769907581 2.21777418076
2.4259713994 2.41252817496
2.59025843386 2.10630524067
1.82613123008 1.70987310424
1.88153123507 2.04065303696
1.76674511094 1.98175482883
1.79105910168 1.62877523177
2.04503330392 2.21159248049
1.73313004253 2.04453433365
2.37377230969 1.89414885672
2.24581167072 1.7187163568
2.35963404773 2.06931764375
1.90755237735 2.52925166388
1.97326655983 1.6728151618
2.01316822793 2.00988528079
2.20166130362 2.04118320986
2.16298204553 2.48947440862
1.81023202143 1.87562332374
2.09679013053 1.94060425548
1.7798743684 1.83313429327
2.11170911235 2.02222628042
1.81759604596 2.37161359901
1.9643973928 2.02347992941
1.86045800063 1.99470876527
1.7980408133 1.70691694552
2.16789397453 1.79718879518
1.5071174383 2.357136447
1.85576562666 1.79602195291
1.77984310672 2.07879812284
2.01612196874 1.86420126382
1.86073259244 2.16329917434
2.12697741089 1.71392402967
1.72041590911 1.89539527554
2.43970944521 2.11096142521
2.21835701385 2.1968571629
1.55147576409 1.75522073646
1.78988676881 1.83920443268
2.52856325097 1.43228924171
2.03172668627 2.12657852881
2.1092713764 2.1953282851
2.18294580852 1.8528544563
2.21852442863 1.81938977502
1.59617827691 1.60666260998
2.25021117404 2.10941568112
1.88056241629 1.99229430934
1.9916725927 2.22162493318
2.04347753022 1.87612650496
2.86860962068 1.91901049228
1.78927940449 1.83395668367
1.60750798961 2.52932703526
1.90184879627 2.29389301812
1.88970734269 1.66922191897
1.74994221122 2.36691763976
1.8603420966 2.33367688262
1.35548251666 2.03040951711
1.68774732444 1.84263022714
2.1254572333 2.10698460273
2.13367473099 2.14640498552
1.91361753204 2.48460069176
1.96267631534 2.2293396607
2.4466871691 2.55828554767
1.78568961266 1.98603807403
2.38487957724 2.28804606327
1.86981957511 1.84575449698
2.19289258124 1.7741367212
1.56118842688 2.52532627041
2.06531572841 1.74914750204
2.21125153223 1.78203308825
1.79345095298 1.96040719885
2.31804379372 1.9455279883
1.81797233371 1.94002980686
2.17473797016 2.67678724932
1.88163518671 1.81958523756
1.85237976752 1.91853421458
1.98731804965 2.11194167841
1.61041105313 2.1340938564
2.03164985333 2.20115808947
2.47183616595 1.92149084752
1.94275051951 1.95670953194
1.73342515677 1.76441135342
2.17512431403 2.22423797977
2.24514895441 1.73130322429
2.31509323462 1.52633531513
2.44329413109 1.71794315559
2.33949993758 1.86570707167
2.49530942561 2.0759194489
2.18201063563 2.13091058372
2.4859346352 1.60682704877
1.83348655587 2.26762082149
1.82154151287 2.18535604177
2.100035639 1.55578060635
2.06677426848 2.30597346953
1.96354034266 2.41902299392
2.27161998647 1.71081691808
1.81167137397 2.40731633297
1.93872142419 1.86633675202
1.92192626625 2.12586744788
2.40248275251 1.94304167104
2.30233574004 1.50961577416
2.18186206682 1.99243996335
1.73418784313 1.79350456565
2.22046699623 1.78020291966
2.21644429141 2.15325497651
1.74165259908 1.91256863656
2.31441573172 2.11862888905
2.23503266486 1.93925433353
2.06035929207 2.01882225891
1.75819430548 1.6970016683
2.26026262073 1.86881761116
2.24596327389 1.90065008978
2.12464693114 1.83239199432
1.98826351767 1.75624579463
2.51638336729 2.36939071286
1.75649001966 2.34231573792
2.06482572355 2.19125195035
1.81489838712 1.91315302735
2.26223231324 2.04770321194
2.61068323171 1.89378314051
1.5105243892 1.88157147908
2.31045537151 2.10483780122
2.45811523336 2.27935352096
1.5842794152 2.22263056142
2.19248890666 2.12779223895
2.04720635696 2.27410948855
2.05598587532 2.40001363654
1.61979864783 1.90726376445
1.66997829229 2.35777163306
1.90329660333 2.12103733759
2.15641124219 2.16510967196
1.99274131043 2.06500860128
1.5951923524 1.94251389156
1.96439647032 1.50910757598
1.71970923097 1.6534610306
1.67086419078 1.96286672761
1.9482186582 2.91691239429
1.977520016 1.97390949794
1.34141740069 2.03919520236
2.4465262697 1.80659370993
1.64183772112 1.71672331046
2.33535118826 1.72713015066
1.64846788662 2.38473675162
1.7903367309 1.84692147216
2.61211820103 2.6989628695
1.83873349579 2.13861968381
1.7384754606 1.75075007434
2.98395082435 1.78778201586
1.87005107625 1.90664521992
1.59118913926 2.26474478844
2.34494730081 2.06109646961
2.7158018668 1.90968972163
1.97968906115 2.35658850089
2.34961205512 2.12430621875
1.64415947754 2.16222191523
1.86374823517 1.97580221193
1.9429969211 1.70821810011
2.14475003464 2.31383304248
1.95318660145 1.99210219557
2.07468678216 2.13160509182
1.86070500118 2.18185722317
2.27788769381 1.34599391712
1.90895694769 1.80203284537
2.14215495826 1.97011249534
2.1145670708 1.98185378321
1.92701858115 2.04660892241
1.95375217813 2.47414470309
2.68060450191 2.34963191481
2.10656466106 1.91266586806
1.62133607607 2.03476492923
1.73846946233 1.86138904511
1.76831159133 1.82450461727
1.96031523589 2.11715964796
2.0310170951 1.43939318042
1.91121032814 1.46669043468
1.53979022443 1.85188773677
1.99348842328 1.22011345803
2.26275959233 2.23865536767
2.22118174805 2.05722820136
1.63152554405 1.6993757664
1.79167302606 2.28076384027
1.89336468903 2.46278493594
2.1342182028 2.48784003923
1.69045802393 1.91980502826
2.31128947043 2.07374925649
1.84357734299 2.00263452266
1.85336458147 1.86160607487
2.04497220008 1.78991131556
2.03543280169 1.70627353282
2.13315076617 1.94626951178
1.72516933374 2.15992542163
2.05284912142 2.39229806731
2.06809733231 1.59776468548
1.91221452199 2.20964708857
2.29595093577 1.79736085017
1.76247073061 2.179579199
2.26287506623 1.93246731377
1.435991096 1.64057016436
1.91916522113 2.26570737982
2.08917814332 2.42700921454
1.72424344517 1.86943276848
1.8279209531 2.07458843924
1.82394464885 1.85836678961
2.17838444107 2.13047508584
1.68096129697 1.76985245693
1.93833885348 1.80295478236
2.19151891914 2.4750525834
2.25440283483 1.67019894467
1.80580171279 1.71245854321
1.8799281476 2.04212302296
2.36365384846 2.00511129376
1.53178334714 1.2894268512
2.25415455874 2.21819233433
1.74491063645 2.07963690118
1.87295855621 1.68419197021
2.14248787131 2.17909695878
1.60427355014 1.7530962508
1.56468356253 2.06249544753
2.03442955605 2.20826136656
2.3852466518 2.08584042776
2.71355330974 2.24758840439
1.85884766335 1.77383227638
2.11726026603 2.01481448646
1.81521714586 2.0191026066
2.2276009932 1.81816876173
1.98685649424 2.03179867034
2.24070502288 2.18040850749
1.93600450051 1.56091249302
1.70615403426 1.93589640213
1.97729395785 2.13424150958
1.90616881023 1.9286428497
1.83214761641 2.36304919893
2.13734047348 1.81639010172
1.9686083961 1.37470671971
1.92349708001 2.32887805573
1.69711796438 1.90764172463
1.95182182074 2.20009239575
2.04459396816 1.67988837504
1.67645041488 1.74647757316
2.388342999 1.89777062437
1.77071077056 1.93679525827
1.64758400584 2.06095095082
2.07432511627 2.27540250734
1.96684234862 2.3719057333
2.13800263419 2.07606468056
2.3506268738 2.14205417005
2.12882538559 1.89306785716
1.96969231905 2.48102707897
1.98215690752 1.38739859009
1.95519752526 2.70022995794
1.55999110752 2.15277235209
1.86469726833 2.15504693624
2.374630646 1.9482654291
1.77303865594 1.79727006332
1.51800456834 2.19081733716
1.87391909179 2.29511825255
2.28276178131 1.18283401227
2.30392377622 2.33035764943
2.43143079829 1.39499202314
1.8985990568 1.90134654967
1.93182813301 1.87885774947
1.86304685536 1.43227130357
1.81602005951 1.91719225341
1.67956265099 2.35519749685
2.03168252064 2.20569537485
2.2290595973 1.74554411781
1.72544868108 1.97129213115
1.75592994354 2.30880954759
2.41470540664 2.23354416122
2.30610856092 1.90931077262
1.82754060316 1.76768249129
1.50710100728 1.50721604004
1.72638582471 1.65291392663
2.01721241778 1.83246120691
1.83803744421 1.36773981448
2.18636829681 2.21455364708
1.89786000376 1.67244004511
1.7830766072 2.16944784725
1.91540850654 2.02530530889
1.72624770162 2.18347897621
2.24965811913 2.02167474678
1.64892412106 1.43141689967
2.57528103206 2.08601334615
2.04491214217 2.10679884149
2.1576096728 1.7902270764
1.82984738405 2.07824516711
1.70912892513 2.21857169994
2.35260658331 1.43032000702
2.30363916627 2.55429276629
2.45316415805 2.37606115896
1.79141165797 2.44672134007
1.60283282788 1.29740430708
1.9369256841 2.6061345525
1.68053943014 2.4441598366
2.58463087449 1.67963300311
2.22742934148 1.84726726615
2.53812392837 1.9831651081
2.46558193509 2.18963071286
2.23890065644 2.01100563004
1.69181215984 2.26331507871
2.24560084417 2.70728949976
1.83981152124 2.49466913196
2.36213788387 1.77934834836
2.11612261386 2.03237583247
1.98356123978 2.1684895949
1.70018077558 1.66027257871
1.45819614604 2.00204804813
2.42169328621 1.73180664072
1.95131748276 1.9270565864
2.11738643255 1.89033188671
2.07283910442 2.00718222861
1.49623670728 1.92022043532
1.99119694223 1.28924105113
1.60849463465 1.79531068656
1.38301199657 2.07225370607
2.22049597548 1.6099361295
2.58279069582 2.04141626515
1.86723096452 1.92386370136
1.76374072857 2.07713100398
1.50947053283 1.845503685
2.06375019232 1.81992654863
1.45639532341 1.75430776957
1.72976644883 1.67526143883
2.15089409788 1.79263513462
2.47551468427 2.57335494089
1.95637118684 1.89599202339
2.49207160091 2.00909073694
2.6496683409 1.68570251115
2.01456197563 1.75584873108
2.51527184513 2.25839288298
2.20081914286 2.2939336957
2.5328479624 2.17229450115
2.47031629479 1.94229918726
2.13804264688 1.43032113029
1.75025605041 2.28552680464
2.6426701908 1.69069362749
2.12818630331 1.74477813024
2.11756247828 1.39481380847
2.23451791832 2.14232029675
2.39051851991 2.28301060615
2.42063319473 2.44542590994
2.19653951244 2.20390197254
2.17357758937 2.02543296328
2.26195583895 2.12701388209
2.14114624359 2.14641468829
2.10406686038 2.12507199057
1.81022684989 2.42281560358
1.77956335849 1.7947562221
2.3908632594 2.36606018037
2.03637194793 1.51304650919
2.10626417873 1.90685120492
2.10041024701 1.97490744095
2.09912041659 1.94683492629
2.0955516002 2.10143018613
1.86321361056 2.26922478081
2.1514193315 2.44731640584
2.47213249268 1.92670796966
2.29503253961 1.96704535862
1.84398643204 2.48331416902
1.62954673751 2.4200348448
1.57281426983 1.56208989708
2.42920686112 1.96828600326
2.35475915133 1.70291292977
2.15810202776 2.0945170632
2.04659881204 1.98602002073
1.99595116142 1.77798315344
1.86097610399 1.8365504094
1.91164796757 2.10804762234
1.6550452506 1.97712753439
2.39947510833 2.57807625375
2.34386466453 2.33626877387
2.10286493883 1.81852168173
2.77846576424 1.83637919405
2.4191745276 1.48570635919
1.60617075063 2.19299131794
2.1610603622 1.71278642774
1.64015117528 1.86132709279
2.07177643676 2.08305546041
1.46786381385 2.01600607021
2.11582792123 1.80280364948
2.38706088873 1.92924432491
2.03489046612 2.28698220917
2.15041082251 2.1578029245
2.39235012164 1.57307828322
2.12746841391 2.26670923545
2.13228175025 1.96636468057
2.24318120708 2.11711819635
2.08602406578 2.0238951083
1.73116228999 2.21616236471
2.28355398645 1.506556653
2.29571350315 1.89562273165
2.10570159929 2.4925762279
1.97186976084 1.99192188104
2.0645921075 1.7857882847
1.8323605239 2.09323085742
2.13984421545 1.92529789891
2.55963590697 2.13898499586
2.30541302602 1.89098741536
2.12885134291 1.8428078095
1.99246576733 1.8716112725
1.15765510634 2.28013278184
2.60994830716 1.97861065345
2.09007669667 1.76049995141
2.10135751422 1.75538034733
1.98259833093 1.50327498451
2.41137187587 1.82956583136
2.44636716157 1.41407374172
1.85223002549 1.81849555479
2.41502538904 1.42403096089
2.54451010761 2.44234694382
2.09096432548 2.55926147687
1.56213332887 1.79647736427
1.64076214114 1.84888780197
2.16641384678 1.83666274295
1.48242457133 1.93426349155
1.85059335126 1.56049109047
2.18759431509 1.86184579023
1.76330889369 1.92759689137
1.83529067457 2.39608268892
2.55532775094 2.35124898018
2.40377247949 1.66908092707
1.33427476679 1.91728903695
2.06079971008 1.27258758319
2.18899257557 1.89582403224
1.52762363375 2.29336843279
1.72396513642 1.69705720024
2.55818604327 1.6151480125
2.13461435168 2.37127501159
2.24112156789 2.12208605722
1.91733438346 2.02171880581
1.44598767559 2.46961456146
1.94790097273 2.31820830599
2.32919471424 2.22785019832
1.32838347625 2.28416830423
2.21281681952 2.05305609327
2.02260292866 2.24569715959
1.76256823186 1.93970086541
2.30584995315 1.30934681005
1.32944524005 2.17346904335
2.26986986995 1.70550024816
2.09687354087 2.02618406131
2.27786945079 1.81179819242
2.53342882262 2.03870070494
1.95251914492 1.90067217647
1.82719539881 2.14274159396
1.83005444972 1.53581167402
1.72276431529 1.99788345478
2.19819221996 2.22567576625
2.26103036619 1.90770575144
1.95993547179 1.76302589443
2.15409147229 2.24747022697
1.96561841571 2.07553244559
1.84831594444 2.46200849997
1.90876655566 1.23326948448
2.15747269936 2.24076157156
1.89832227212 2.03453235951
2.15712743844 1.912262274
1.81961310578 1.78041119189
2.51352265613 1.45019182174
2.34472424222 2.21864286176
2.39529084116 2.687234942
1.80166773169 2.09949050418
1.81926666342 2.07805272169
2.21740107726 2.36608161681
1.99596525952 1.84131702465
2.25100238088 2.20791912161
2.30949910063 1.91772217527
2.07923335898 2.23178445635
1.65621131581 1.57196791973
1.52358162419 2.09001553735
2.30553215694 1.85118030586
2.13241237628 2.23446219923
2.05290346687 1.87351969126
1.33327877654 2.37364306515
2.00540460571 2.00686046362
2.27203239486 1.70536968018
2.29400036678 1.38228060151
2.12140062828 2.24095474651
1.65394264952 1.59191479077
2.46344306522 1.9979212536
1.5197737258 2.23730323461
2.27387619326 1.81647251607
1.90657986044 2.003611267
2.06064936885 1.74794581107
2.35098085158 2.41516967704
2.17147225632 1.76157557537
2.2516983177 1.62577367964
1.32074294262 1.73558994315
2.3932854008 2.28539003246
1.96884140783 1.81631416185
1.64787981738 1.97432369021
2.11239415551 1.283917163
1.944950007 1.89684903399
2.22470806078 1.68835766408
2.18989845914 1.65786050966
2.00687509005 2.0941113498
2.11098877379 1.74803152046
2.64212501867 1.73465460195
1.76617472778 1.73154277683
2.36232177126 1.88167058611
2.53171185244 1.62695756503
2.23618180995 1.39390866576
1.87566387909 2.02881389511
2.03852977427 1.57410658178
1.7183320783 2.2184752254
2.06140185422 1.93091421167
2.52934954871 2.53504179091
2.36138301811 1.99508787973
1.63656908502 1.83910014692
1.94660522882 2.02112568219
1.70565208223 2.58756968191
1.70270802721 2.26715200675
1.88058186074 2.12715222426
1.56389376992 1.84853458387
2.33633870396 2.13760698646
2.20010653466 2.04271152736
2.37509329669 1.67385477669
2.16535003584 2.11853034064
2.16758166267 2.19159931014
2.18809942631 1.87579842845
2.17287702044 2.28130131287
1.6690528279 1.87257003088
2.30294670179 1.87954367208
1.9452183086 2.17270603594
2.29972362346 2.22466399659
1.35511285055 2.03930461552
1.94068737199 2.11355134398
1.57296472303 2.09318658134
1.45481190633 1.63208842585
1.76045145847 1.48431617237
2.3906610151 2.35277684092
1.88100623914 2.02753766362
1.85926993808 1.95712255721
1.96737546541 2.24966475478
1.76554014536 1.97523654001
1.86626050334 1.55483905026
1.87111911989 1.74095849376
2.07951182098 2.1689365487
2.03658334694 2.02258599018
1.89826635879 2.21443697435
1.60578837252 1.71138731409
1.80995385657 1.03528943951
1.71928773903 2.20070170406
1.8233103721 2.16718176277
2.0262756371 1.68005453591
1.95107150252 1.84894767673
1.74680433836 2.46003911938
1.67355958819 1.84706398497
1.28756058347 1.61071126455
2.51779088884 1.69005512748
1.98519507032 1.73694044658
1.63301106244 1.96939703236
2.36016378169 1.99764423895
1.97600400614 1.6621752948
2.25131269734 2.00510055708
2.23538825153 1.71107714068
1.62589068202 2.09522900301
2.00867638643 2.32792864261
1.64213368483 1.84805693332
1.84721473726 1.92325274201
2.16717949403 2.01118815463
2.37823148945 2.10005050414
1.61877509515 2.42264870722
1.70439157376 1.68182964157
1.9482023655 2.05919791323
1.8815099987 2.26000520542
1.91572140989 1.49524608845
1.4534072649 2.77558778987
2.00585130337 2.15732302054
1.88938499076 1.86411704199
2.01886685747 2.08346880572
1.58775181928 2.1923120106
2.03737179377 1.52786170259
2.18103827 1.79665039849
1.62712930007 2.10279891396
1.79001664455 2.08252084748
2.08088680536 2.33908339697
2.71385211219 1.53786084592
1.96000725032 2.08275507658
1.84122675055 1.87528979492
1.973399947 2.08736895529
1.92453216883 2.17612606076
1.86117705568 1.97394216167
1.6285328767 1.76481634403
2.54072058942 1.36998656253
1.63106595564 2.02526826957
2.15730127336 2.34374399481
1.91616360224 1.88986415296
2.22124520778 1.94713134004
2.01497465006 1.87850625677
1.80248277472 2.05980314674
1.99828038216 2.31363701116
1.57094385168 2.21679032519
2.27960664776 1.87260361413
2.29443940931 2.04989906989
2.05293295637 1.42743665079
2.80605449225 2.4216223681
1.93219261837 2.50339831278
1.43537890258 1.8108960202
2.13947968393 2.20855710967
2.10287523602 2.19693650174
1.90507370412 2.12849980735
2.38746481215 2.43105641456
1.85706613282 2.4996085926
2.38725261461 1.97409172577
2.19033168627 2.20004563453
2.08235647842 1.92588769528
2.10976689928 1.65877758494
2.173474619 2.19456446462
2.73566534402 2.17243798151
1.45124141466 2.34342462678
2.16132193308 2.34802947979
2.22954382816 1.8460076462
1.85333681489 2.76326547377
2.03154802244 2.31359479529
2.78732177591 1.58113862448
2.12813580128 1.56585322562
2.09547075748 2.09879671038
2.00136246649 1.84055052674
2.09216838726 2.31479425853
2.12704676342 1.45844361715
2.12897795082 1.82128091876
2.18614907276 2.03635491136
1.76791065026 2.58960199051
1.85581613824 2.13802527774
1.55691220363 2.00624586857
1.85830742064 2.04292038585
1.44551359022 1.9288505447
1.99169801167 2.6317045853
2.3767259715 2.47674928413
1.62360578299 1.99075399148
2.13932500043 1.74724175295
1.88886830843 1.75204888761
2.37999784149 1.75145296016
2.12611815324 1.98152221777
2.43175755385 1.94595580722
1.92670060638 1.70962014696
2.13392214147 1.61421609728
2.1328544184 1.78974703169
2.05390675235 2.13826107363
1.95147887076 1.87668296098
1.98292932203 1.89552190582
1.816067493 2.08811241797
1.97042236827 2.29259754779
1.44513226084 1.67534091044
1.88203378504 1.98412513581
1.49721276725 1.91064107054
1.96762049193 1.52638162687
2.18924252198 2.33557995979
2.12314457277 1.44035710267
1.93660386048 2.12995700828
1.51501137743 1.58211412108
1.88836964862 1.95481370761
1.79194494954 2.59217375629
1.67973622241 1.72851625287
2.10956370998 2.17791656697
2.17853264513 1.29375228643
1.95779775139 1.57569130198
1.78628085269 1.70883014653
2.77774178529 1.89309524624
1.75619536866 1.69693656806
1.71115669712 2.00230211728
1.77449229653 2.20491469519
1.51558371834 2.08907246162
1.84245904168 1.99987836791
1.85606756058 1.65485986737
1.79537129905 2.2362101122
2.44541361177 1.76322976072
2.01878502187 1.50770731932
2.63520605862 1.39619874682
1.81707026952 2.4195784686
2.02627967886 2.26684314859
2.0452180658 2.31447100119
1.83289009097 1.93575810502
1.79496568407 1.7008919044
2.43906568585 1.46625648324
2.08941458053 2.16485883895
2.20563306795 2.05122566901
2.06255680667 1.80221649315
2.00977534586 1.20840156179
1.84293629338 2.12576162416
1.95489673535 2.38109288962
1.94629649889 1.61086278169
1.73260058347 1.74063716524
2.31291066691 2.46764710763
1.22865353921 1.8718396008
1.50391004972 1.84355257633
2.25429575633 1.69358457701
2.06359063884 1.81715624865
2.14579656129 1.71653031527
1.89181188569 2.00052389028
2.55352419027 2.49779267786
1.898658513 1.91120049192
2.36411535143 1.93973791648
1.7579254501 2.18561166748
2.47458422138 1.91818734969
1.82911126088 1.64625223402
1.93724176544 1.4887364179
1.25038098062 1.92855101917
2.13532765601 2.24797385237
1.94632190391 2.35485234257
1.70713121067 1.72288090088
1.82357702387 2.27041025513
2.21997517695 1.72015836106
1.73986614642 1.73053068985
2.38142017049 1.92435270163
2.16259612905 2.00810119023
2.05925990194 1.99210566352
1.7916308581 2.28467027009
2.09183878599 1.85817204722
2.17540231313 2.16013891496
1.69408807134 2.05779527416
1.73264445555 1.97776379466
1.78770260314 2.02839092923
1.97107730411 1.50604739058
2.12158986566 1.86204878173
1.97367832897 1.66401508623
1.7643971953 2.13551857306
1.90536357014 2.08147403019
1.93159965507 2.37300928354
1.86729545302 2.48765767076
2.06237813806 2.11019659574
1.91574323362 1.60873805982
2.04460378573 1.82062941776
1.72675889264 1.89773475937
2.16679190562 2.15768167705
2.09905972033 1.67273894541
2.50404893655 1.41785438784
1.56110340827 2.21386109458
2.06807807646 1.82383745326
2.23360188073 1.58866195267
2.18093156288 2.26358433178
2.01442913906 1.98614044814
2.25117879209 1.74961631819
2.29427153627 1.34339019227
2.47087451103 2.52211180765
1.80467479567 1.85726329354
2.04054248508 1.660513355
2.10225343158 1.55011005632
2.36240308784 1.85280964039
2.29049089819 2.12980647879
1.60117280652 2.0353948487
2.210565038 1.6950579592
2.12073835917 1.74086790228
2.2935085477 1.77853311963
2.02158541137 2.19044605115
2.23088180071 2.02554201801
2.44163606529 1.93837395377
2.56415905063 2.10353761612
1.65229044321 2.36465005595
1.75864763668 2.27306106774
2.20952029065 1.30036437072
1.65468860637 2.0579587024
2.37806550206 1.87559056445
2.19768462995 1.83804506299
1.95207168263 1.37359221716
2.27521675042 1.81290797969
2.03731254293 2.23743271782
2.08116625119 1.93870099478
1.86676124945 2.19726264122
1.66172805709 2.59639999044
1.96468738007 1.8758444174
2.46501227947 1.96831809506
1.66445463833 2.07458737537
2.26687977593 2.04063915597
1.77558271983 1.68882118786
1.72559064644 1.62956503842
1.97424443788 1.85576403478
2.99163644033 1.58626383119
1.91390452505 1.27234914366
1.74521091002 1.22865677849
1.73303082293 1.72360717346
2.33803385069 2.0486442153
1.81199584924 2.01059297813
1.71205843053 1.95254226004
1.66683569083 1.7271925073
1.63704344709 2.38900201736
2.12437155785 2.32317214505
2.14200219418 1.52926186129
1.5000614082 2.01902113336
1.87963477525 1.83723030175
1.82841732602 1.62757077963
1.9779601547 2.41489594021
2.09741618189 2.53581693172
2.19576672308 1.83928646686
1.88567525843 1.70321585959
2.30091874857 2.25195990772
1.91607944051 2.18315244159
2.0208316288 1.43237398341
2.23900277321 2.21349548507
1.62277115132 2.17616589104
1.65023665793 2.22465664346
2.36491694441 2.00566702287
2.16219461401 2.64763695404
2.05930463753 2.08000818446
2.2176448393 2.25407986773
2.00496862127 1.90818145558
1.77367708396 1.95795247113
2.24816742104 1.56616224282
2.15114104335 2.20502496143
2.16147922811 1.53474734404
2.40721806367 1.88310393097
1.63324874084 1.98023277173
2.35036357858 1.87709387046
1.97582246409 2.18850199404
2.03186413413 1.68446443876
2.30417709082 2.37724365118
2.2333261798 2.43453578149
1.74162762811 1.83893535911
2.22109634691 2.20159595373
1.80996973976 2.33577999898
1.82196421748 2.03056054996
1.65950390649 1.96809671647
1.88478475226 2.15592178483
1.9224548987 1.99903644353
1.79421631719 1.98940432462
1.81260394557 2.3950494052
1.6802413483 2.22544363247
1.89579639562 2.26027203704
2.09540095143 1.89169479267
1.28907864991 2.33812361418
1.94650775817 1.98346911249
1.42466099239 2.23896173251
1.89321098462 2.16022615869
1.79191365286 2.06055023349
2.16417426468 2.010492662
2.14241613116 1.99994428119
1.73492910997 2.00298306705
2.10058028155 1.54577002733
1.89350211968 1.43997815323
2.24593967853 2.21374081418
1.69333915638 1.66788005187
1.96008355098 1.77327199537
1.83953655507 2.10758201994
2.3864707459 1.84251342548
2.59986910081 2.16703925697
1.97383052913 2.44145537965
2.15274280737 1.76187687666
2.03944824098 1.13512427357
2.03383238921 1.82738644029
2.08470883671 2.14092054735
1.7985146445 2.3870095526
1.57382695491 1.80276320046
1.41992467819 1.98913419614
2.3703312064 2.59162695067
2.0360047997 1.93954778175
2.13302088953 1.98839227485
2.25386913543 2.08496921948
1.4752727256 1.69393554544
2.28421150235 2.1050925155
1.55194943371 2.49019679204
1.8342587203 2.26699719159
2.03663773495 1.86901521107
1.99848058856 1.93832914573
2.01493853675 1.89824798668
1.53177111967 1.89015109827
2.2093101795 1.46551563546
2.15517010179 2.02459576216
2.08768969261 1.97533741907
1.8506343369 1.96841180059
1.59106545864 1.918300537
2.24591791688 1.75717744237
1.91039358652 1.92989882876
1.67565262536 2.265909988
1.28840118188 1.94775003867
2.30395353228 2.17823889433
2.12009616239 2.18346238528
1.68043810888 2.32321020112
1.64752458319 1.76901743033
1.6509163402 1.76191439233
1.86995784974 1.90468689614
2.14497654403 2.26933367418
1.47453301574 1.65058058518
1.95316878295 2.13831823868
2.02422343515 1.18564635178
1.57112482163 2.25812834303
2.08268828863 2.58928594315
2.14115874109 1.73201543677
1.78611373017 1.91348826169
1.69641520978 1.86766793905
1.9025811513 2.3276336297
1.65437736967 2.16698655119
1.80253192708 2.14550327035
2.13289228713 2.13150064508
2.51980558126 1.99100553003
2.17651688428 2.26725096452
1.9533710185 2.39907022481
2.29017339235 1.94928064552
1.83854435683 1.46529742674
2.02023128838 1.71160947945
2.09454812516 1.85150515027
1.98013418066 1.76643709154
1.93657386125 1.69388366293
2.15509747046 1.91795107345
1.80060711288 2.05988609029
2.48369082553 1.73464571685
2.07514742196 1.93716074672
2.10567990316 2.07418963179
1.88443639014 2.37975925096
2.50627424222 2.19561115085
1.99174960877 2.45116622986
2.13839610098 2.38107415611
2.18411050627 2.37051735074
1.88507540559 1.47359918839
2.08619450183 2.06236528815
1.8105726153 1.65090444778
2.13347183599 2.28277613819
2.05810795282 2.03629202159
1.85541488571 2.17974434165
2.52313526305 2.18978162868
1.81281053135 1.98933290002
1.92747468725 2.1026610071
1.58293298375 2.06681873302
1.99974153713 1.95302839294
1.72079100105 2.07525768151
2.28847208185 2.2689060795
1.7489548033 2.35161306179
1.80567398708 1.62964344901
2.20785472348 1.5632135102
1.43039226799 1.67856105984
2.28164795337 1.34747549144
1.54444086369 2.36935386331
1.71677653559 2.04804355605
1.83227499182 2.02887629986
2.30392340303 2.50354803184
2.2963556508 2.26520173333
1.47709625198 2.25479615584
1.72318771034 1.86474347638
2.1061866486 2.47038795504
2.87689655804 2.6479926093
2.77327171369 2.77342649556
2.45055606098 2.8904679791
3.26124457798 2.12173816372
3.21169592832 2.3678661342
3.12014064451 2.56841910569
2.99438251844 2.60015815615
3.03102305972 2.6051263671
