2.6943190343 2.76139492704
2.82199490951 3.04935751931
2.86982578783 2.9059309034
2.95513081125 2.76661993021
2.81905023588 2.67056881063
3.1547357698 2.56297732932
3.35272008041 3.27143019322
2.95109685609 2.94813052411
2.14584936057 2.5692090735
3.28998662598 3.09439554944
3.10325388084 3.19326299121
3.60819370953 3.16659073887
2.54783081731 3.3307206724
2.99012607716 3.42679520558
3.0944949276 2.77070413362
3.16052701393 3.41978725701
3.13799290329 2.73549619492
2.80104363371 2.99102847558
3.3931331655 2.45964970351
2.86851521563 2.87546372677
3.06846377117 3.10253440777
2.74554042794 3.36967877746
2.83735143601 2.91920988802
2.80126851277 3.19605711142
3.25838219281 2.7367421423
2.86057315935 2.99044442796
2.84383468296 2.69095324244
2.91720513911 3.54474428786
2.76787265631 3.22625859642
3.03925107688 3.21442558538
2.57823445936 2.96038470153
3.24183225202 2.77221073037
2.80867500253 3.71773124822
2.86640936579 2.60909615763
2.75121477576 2.87906920303
2.87889379386 2.41006782
2.82960773203 2.7791404261
3.22093053154 2.92342703691
2.69190704777 2.91541562661
3.19241493998 3.25037821452
3.1349127972 2.47743582527
2.52863786217 2.79369714301
3.1066434126 2.80962662402
3.02456283505 2.90055704002
2.62792361859 2.79633333467
2.3201603991 2.6101959098
3.16344102468 3.15891315125
3.34552622384 2.90216560563
2.99712977118 3.09698203731
2.80526268327 3.2545959247
2.42154348482 2.77801283324
2.7942024747 3.04976259832
3.10556777099 2.79350230474
2.557613103 2.76195499613
2.95794061854 3.08368513809
3.19174238091 3.08695805839
2.71380215903 3.15861029837
3.13515443837 2.96237969046
3.45771252527 2.86738176594
3.32259599844 3.05734109159
3.13970242645 2.89444971316
2.8403740253 3.33445533223
3.37800184296 3.56314590547
3.13770942694 2.74861489194
3.27126266362 3.27040646493
3.12963698655 3.01427773082
2.75054440632 3.36790369576
3.04080436393 3.30142024596
2.44794852815 2.89035844296
2.64008664262 3.38046947097
3.35929066839 3.00635653461
2.85780970413 2.75514487669
2.92718918631 2.40495709585
3.40672247865 2.71188053121
3.02038792886 3.08572981961
3.48462970955 3.33116080095
3.67586013211 3.44931003584
2.94665286726 3.54815566963
2.88134748692 2.70483887808
3.04536082337 2.84728218677
2.87243754383 2.41484627112
3.09637060681 2.82402799301
3.44896994604 3.36429540449
2.80099880168 2.89569333462
3.49878937116 3.19147562438
3.21502675346 2.80175463202
2.9480382906 3.03955591967
2.923490102 3.65393213487
2.9241372084 2.53251679782
2.68097400624 2.81066474281
2.88229105843 3.06838044089
3.59998519163 3.15494814633
2.81086780025 3.21452404423
3.24827536391 2.65295048769
2.55208451127 3.53407005516
3.14954157883 2.52868133687
3.1459708519 2.5545406465
2.69956504964 3.38189498634
3.39103338344 2.95541109731
2.7742635832 3.08653756562
3.82011811617 3.56540035024
4.25655908801 4.4728035906
4.11633343704 4.59559088569
4.60413101253 2.76437583033
3.90628686916 4.21490432247
4.10402509415 4.29401682531
4.29037051726 5.52016995057
4.77840227414 4.10569921501
3.69216147091 4.04598424521
5.03485874568 5.64245833807
4.3671358862 3.58209461543
3.38915933003 3.79501095456
3.56166893673 4.04056601964
4.8692490996 3.33142736629
3.32969551739 5.10629165945
3.36280114725 3.15241236446
4.54104764999 3.99593617051
3.25729949701 4.2389228226
2.67042783062 2.21100304403
4.43310973529 4.1210444545
5.27950940441 3.80301424541
3.80351959713 4.58152617611
3.29740878623 4.46707884063
5.02025568861 3.64806035055
3.97810055823 3.39120847824
2.72674303321 3.37359426192
4.39235532536 3.08699809627
4.12139842814 3.89564312454
3.55571456917 4.57846580361
3.46231314113 3.41337081888
3.11966136896 3.97622636793
4.08788621805 3.68940772465
4.13112277641 2.62817872391
4.66166622194 3.45073242857
3.03337366579 4.50936024657
3.77915238388 2.8905562453
3.93711341306 4.30147579861
4.05704510958 4.09670201526
4.4507506535 4.74064465839
3.20976481754 3.51857376111
3.1059538906 3.56553844402
4.16055616131 3.86667306568
4.00811652656 2.94186053857
3.05025821858 3.38394431634
3.90317656552 4.17315665251
3.66081674245 4.63560615293
4.28855985244 3.59150704205
3.83387525593 4.3546147373
4.08004480157 4.25679200258
3.38216250416 3.64939606571
4.6072165906 4.31140782152
4.17358121972 4.36021884217
3.05900835571 3.95235140288
4.03668812459 3.43380084045
3.97668131008 2.70894658352
4.37744736232 4.97969296215
3.13577555379 3.71342643096
4.49533798664 3.34767477117
2.75110612696 3.97811802983
4.12392637641 5.12795658454
5.20724527193 3.31243874065
4.39108126256 4.56570984566
3.23866456025 3.77222653857
4.19522407311 2.10674931414
4.3926672619 3.86843436567
4.63876674186 3.9869927331
3.76009658808 3.45129956336
5.2536651333 3.55804914643
4.41450411071 2.41176064292
3.73611624868 4.45260645837
3.87028964587 4.58545941872
3.17227870748 4.90826490852
4.22492206331 3.76702091115
2.90405974098 3.64118908678
3.04386307446 4.72554384971
4.13217472793 3.41465209167
4.75152708075 3.88042585766
4.27988786691 3.91004287892
3.66152355814 2.92785001625
4.0933826286 4.38970517463
3.64332774177 4.93130538621
4.91163151309 5.21141233199
3.73314347738 4.57856178796
3.88165565466 3.79477578894
2.68468541024 3.596891461
3.83798337764 4.23149548943
3.76584446383 4.03088649663
3.6312988558 3.06005626651
4.72322133255 2.50719145758
3.63581348788 3.40587730759
4.45573085512 2.90364955693
5.15983247059 4.34973887894
3.73116369406 4.08349217457
3.65312958088 4.97336140667
3.97873500599 3.57115722606
3.72349302883 3.7908948945
2.5862597515 4.64670043876
2.73320164705 4.06224151677
5.08786817094 4.39761417247
5.26868679374 4.55412504828
4.66016392996 4.67745143798
4.62587529879 6.23766890499